0.52883,-0.72948,0.055173,-0.10534,-0.16023,-0.35307,0.15363,-0.010988
0.034772,-0.84001,0.034772,0.53702,0.022779,-0.042552,0.018599,-0.030089
-0.011303,-0.95246,0.078705,-0.29117,0.019577,-0.015984,-0.0019131,0.032774
0.81333,0.23505,0.35841,0.16481,0.35085,-0.035034,0.036324,-0.044553
0.083815,0.98786,0.039741,-0.10346,-0.048607,0.033333,-0.030466,-0.020504
-0.4542,0.75341,0.090086,-0.0065854,-0.38424,0.23454,-0.063224,-0.10613
-0.95884,0.11811,-0.24471,-0.0089171,0.075198,-0.0055967,0.010791,-0.030187
0.089369,-0.85487,0.0080689,0.50405,0.029375,-0.014909,-0.011599,0.076574
0.63412,-0.68884,-0.095332,-0.019325,0.30708,-0.13881,0.012777,0.014133
-0.031326,-0.88656,-0.1851,0.28479,0.25601,-0.044302,0.16596,-0.051235
0.60221,-0.70519,-0.049976,0.11417,-0.063853,-0.1692,0.25571,0.16258
0.9913,0.03527,0.025345,-0.031838,-0.041402,-0.012095,0.11145,0.011698
-0.20113,-0.82694,-0.29214,-0.36225,-0.20758,0.1154,0.04158,0.031852
-0.9831,0.14948,0.091132,-0.010031,0.015662,0.0047326,-0.049414,0.0071065
0.85758,-0.31063,0.36322,0.13816,-0.088215,0.091457,-0.020938,-0.021529
-0.38279,0.83131,-0.099966,0.035106,0.034544,0.37185,-0.10705,-0.015786
0.3202,0.89878,-0.01347,-0.23891,-0.090032,-0.14019,-0.041156,0.054321
0.011816,0.939,-0.12185,-0.21382,-0.097574,-0.14992,-0.071137,0.14322
0.29839,0.88083,0.0019759,0.2962,0.15865,-0.13631,-0.037204,-0.047247
-0.1123,-0.73186,0.00040363,0.65689,0.11308,-0.040203,-0.072914,-0.023406
-0.94472,0.055204,-0.27219,0.0055595,-0.0228,0.054959,-0.15129,0.062545
0.84886,0.045224,-0.52579,-0.027252,0.0093491,0.0095977,0.0022187,-0.00095958
-0.87683,-0.03003,-0.45192,-0.13715,0.040926,0.0050235,-0.015309,0.072693
-0.059245,-0.95989,0.036767,0.25108,-0.051565,-0.036102,0.042103,0.070484
-0.42938,0.70161,-0.23865,0.26888,-0.36252,-0.10603,-0.22674,-0.0076243
-0.0023621,0.82647,0.012291,0.54768,-0.051218,-0.11878,0.0103,-0.0027312
-0.92811,0.1145,0.31354,-0.067653,-0.13753,0.046034,0.013007,0.037652
-0.14915,0.78056,-0.053586,-0.54777,0.22837,-0.10236,0.016999,-0.051419
-0.81853,-0.050193,-0.54327,-0.062269,0.1135,0.013621,0.10111,-0.072043
0.18515,0.90774,0.090568,0.31419,0.041413,-0.16628,-0.031423,-0.066792
-0.9512,0.056991,-0.20717,-0.064813,-0.026581,-0.048944,0.20316,0.021851
0.025115,0.9657,0.049654,0.16603,0.069072,-0.0011147,-0.16214,0.075557
-0.88394,-0.13931,0.37202,0.042942,0.18137,0.024477,0.14183,-0.073452
0.79313,-0.34901,0.27229,0.15587,-0.33263,-0.0966,0.1724,0.031549
0.87892,-0.38678,-0.23948,-0.039343,0.12161,-0.049403,0.041971,0.0026202
0.81431,-0.50275,-0.018831,-0.032399,0.051829,-0.13381,0.2489,0.014261
-0.81376,0.10005,0.30055,0.072164,-0.22651,0.12894,-0.40117,0.058049
0.67928,-0.57922,-0.1889,-0.21104,0.3415,0.063859,0.046325,0.0031043
0.89327,0.37913,0.0067718,0.088942,0.10194,-0.050067,-0.18443,0.058826
0.012435,0.82704,0.033367,-0.55878,-0.021538,0.017586,-0.038681,0.015322
0.92338,-0.20143,-0.30112,-0.0037875,0.099601,0.019053,0.016375,-0.074552
-0.43212,-0.78253,0.019706,0.33443,0.23396,0.14953,0.099076,-0.042146
0.2693,-0.76524,0.10407,0.4313,-0.31256,0.20495,-0.054187,0.048947
0.80155,0.32555,-0.35518,0.013103,-0.084589,-0.10969,-0.26201,0.19333
-0.89635,-0.37497,-0.010756,0.068925,-0.053311,0.04311,0.21119,0.042164
0.10316,-0.99038,0.053013,0.023969,-0.031375,0.04453,-0.042523,-0.018657
0.27637,-0.92201,-0.033425,-0.1387,-0.088609,-0.13422,0.12297,0.11036
-0.90307,-0.16865,0.044317,0.039975,0.043015,0.065144,0.37166,-0.090767
0.85416,-0.095053,-0.43348,-0.035552,0.048939,-0.22466,-0.13443,-0.035552
0.94749,0.27013,-0.028695,0.059078,0.048222,-0.09424,-0.09069,0.074542
0.27783,0.91748,0.06012,0.038389,0.10177,-0.16273,0.024589,0.19625
-0.25716,-0.93943,-0.0090057,-0.074651,0.12751,0.16414,-0.0084271,-0.049224
0.2408,-0.89653,-0.014945,0.014858,-0.10223,-0.34178,0.075831,0.069242
0.85775,0.32141,-0.36717,-0.049211,-0.14812,-0.03504,-0.015978,-0.017293
-0.53752,0.52492,-0.033244,0.21839,-0.55609,0.15821,-0.12256,-0.1935
0.015471,0.9388,0.046046,-0.29596,-0.026796,0.021879,0.15826,-0.049616
0.032847,0.97443,0.022836,0.06922,-0.10689,0.16891,0.0085238,-0.063754
0.46121,0.80134,-0.023968,0.01983,-0.0068717,-0.35468,-0.13521,-0.0062167
0.87978,-0.066089,0.43704,-0.033988,-0.047412,-0.038712,-0.093464,-0.13029
-0.30391,-0.7295,0.028357,0.54473,0.24708,-0.12276,0.0056224,-0.042194
0.22886,-0.93693,-0.013676,-0.14904,0.073854,-0.19686,-0.020918,0.052419
-0.3731,-0.67191,-0.010245,0.52784,0.30846,-0.074581,0.16239,-0.059343
-0.011364,0.97097,0.064909,-0.048458,-0.049255,0.040988,-0.20509,0.06598
0.084215,0.84901,-0.0081827,0.43577,-0.023174,-0.18143,-0.12969,-0.17848
0.81772,-0.43453,0.18108,0.10328,-0.30339,-0.053993,-0.039508,0.050411
0.039756,-0.38654,-0.035779,-0.9142,-0.032292,0.056224,0.080458,-0.035779
0.15445,-0.7615,-0.00087694,-0.62144,0.027981,0.028074,-0.044415,0.080776
-0.1571,0.79542,0.14104,0.55931,-0.067627,-0.059846,0.032507,0.026258
0.73579,0.62866,0.069397,0.069397,0.15416,-0.018574,-0.17008,0.027041
0.071808,0.92902,-0.10817,-0.28852,-0.040193,-0.14759,0.0039335,0.11581
0.7435,0.4619,0.29365,-0.035347,0.36115,0.068876,0.028821,-0.10186
0.94797,0.21455,0.13191,0.15087,0.060433,-0.064905,-0.053279,-0.066772
0.43094,0.87571,-0.032945,-0.12014,-0.01039,-0.076042,-0.076875,0.14181
-0.15894,0.95293,-0.014188,0.1281,-0.055944,0.21378,-0.027155,-0.021831
0.91175,0.098229,0.33252,0.070697,0.056125,-0.14409,0.13892,-0.016977
-0.68276,-0.28441,0.47777,0.017517,0.44873,0.052295,-0.080637,-0.11741
0.87826,-0.071774,0.38625,0.023602,-0.22305,0.089443,0.10835,0.065296
-0.84069,0.11305,0.48865,-0.10566,-0.062333,-0.045851,0.10512,0.11613
-0.75977,-0.47505,0.080729,-0.067532,0.26854,0.092699,0.28567,-0.15388
0.53691,0.82316,0.038882,-0.12651,0.0064827,-0.10489,-0.073468,-0.01348
-0.97139,-0.0071791,-0.053228,-0.077229,0.082099,-0.1864,-0.010153,-0.077229
-0.1703,-0.93524,0.064959,-0.22651,0.05572,0.17813,0.074196,0.021452
0.43497,-0.71261,0.12479,0.33296,-0.41321,0.032908,-0.059302,-0.034808
-0.91764,0.34401,0.14495,-0.10447,-0.073747,-0.015373,-0.044517,0.0041508
0.72566,0.26726,-0.57471,-0.041094,-0.165,-0.013937,0.18185,0.097572
-0.95153,-0.082891,-0.12446,0.041874,-0.25603,0.01694,0.029127,-0.061613
-0.43109,0.86394,0.11906,0.10094,-0.030989,0.15037,-0.090435,0.10796
0.86769,0.11343,0.44119,-0.025677,-0.12397,-0.02018,-0.017143,-0.15122
-0.23352,0.86541,0.062933,0.40761,-0.12078,-0.089295,0.062207,-0.0015489
-0.8827,-0.099804,0.19736,-0.11129,0.3343,0.02558,0.0082442,-0.21693
-0.72738,0.39942,0.35065,0.0097984,-0.35889,0.10664,-0.14091,-0.16823
0.55123,-0.76415,0.068108,0.2148,-0.19038,-0.13557,0.041908,0.071075
-0.92237,-0.16594,0.2658,-0.10408,-0.034972,-0.028555,0.19488,0.014079
0.56021,0.70959,-0.1742,-0.2148,-0.30791,0.0072422,-0.10351,-0.024237
0.87203,0.38751,-0.20193,-0.087771,-0.17839,-0.010212,0.010701,0.094205
0.59737,0.61768,-0.18688,-0.016251,-0.45972,-0.040076,-0.097531,0.063059
-0.81065,-0.037229,0.52724,-0.18341,0.019245,0.1342,-0.02084,-0.10496
0.75479,-0.52972,-0.07904,0.11697,-0.18572,-0.19152,0.23262,-0.066926
-0.28311,0.7118,0.13726,0.56366,-0.24508,-0.1083,-0.0061586,-0.069273
-0.53401,-0.39944,-0.36089,-0.16583,-0.55431,-0.081785,-0.28755,0.030286
0.74015,0.56453,0.15192,0.10677,0.31159,-0.021145,0.037498,-0.0076284
-0.89349,0.34969,-0.015567,-0.12638,-0.23953,0.02022,-0.0017436,-0.073409
0.89999,0.38499,0.030083,0.039632,0.04917,-0.039267,-0.18732,0.016778
0.7853,-0.58669,-0.027336,-0.16347,-0.00013201,0.072956,0.01541,0.07788
0.66702,-0.32619,-0.57546,-0.013612,0.32717,0.084613,-0.019631,-0.052675
0.05265,-0.22235,0.055985,-0.96044,0.069982,-0.083741,0.098899,0.0227
-0.30843,0.70004,0.091489,-0.46018,0.35646,-0.17097,-0.12505,0.15084
0.86031,0.25813,0.19964,0.053495,0.37504,-0.030788,0.06656,0.066878
0.44381,-0.46778,0.29857,0.22669,-0.47886,0.31954,-0.25177,0.2211
-0.88188,0.35864,0.1083,-0.20713,-0.015022,-0.024439,-0.19464,0.018268
-0.56043,-0.31626,0.4113,0.17661,0.54598,0.017408,-0.29262,-0.038972
0.26027,0.87826,-0.11269,0.23908,0.1349,-0.0014119,-0.26506,-0.051023
-0.65045,0.20423,0.69321,-0.061599,-0.18411,-0.05138,0.089853,0.079091
-0.93205,0.28681,-0.11407,-0.08667,-0.0002019,0.10503,-0.13193,0.0072286
0.26027,-0.6671,0.0018488,-0.55591,0.35451,0.13221,0.081237,0.16863
0.054657,-0.89265,0.22831,-0.35492,-0.10411,-0.092528,-0.028899,0.04319
-0.21646,0.95416,0.078128,0.0076853,-0.17386,-0.010915,0.078668,0.0052843
-0.33657,-0.89645,-0.10394,-0.19328,-0.10985,-0.1448,-0.035771,-0.025157
0.31862,0.87596,0.077229,0.27375,0.069177,-0.13391,-0.11102,-0.12341
-0.36847,0.77127,-0.10963,0.49998,-0.071573,0.00096156,0.041874,-0.022222
0.69338,-0.51697,-0.059809,-0.13634,-0.43446,-0.15193,0.12404,-0.050659
0.59239,-0.26469,-0.60233,-0.16712,0.36395,-0.05968,-0.22638,-0.031782
0.61068,-0.10652,0.73808,0.10706,-0.2081,-0.083669,-0.095762,-0.0051068
-0.81973,0.082772,-0.35376,-0.053558,0.24252,0.10343,-0.34739,0.05457
-0.012158,-0.83131,-0.042326,0.53474,0.075883,0.098101,0.074068,-0.013211
-0.81872,-0.3266,0.41659,0.04963,-0.16349,-0.017717,0.10126,-0.098614
-0.0873,-0.97753,-0.079639,0.099653,-0.046438,0.13317,-0.011487,0.022778
0.87848,0.0039529,-0.44774,-0.027137,-0.13645,-0.072017,-0.054819,0.015579
0.45093,-0.56377,0.33612,0.25761,-0.40465,0.19644,-0.30115,0.080374
-0.62028,-0.69217,-0.2013,-0.025321,0.090299,0.1834,0.22028,0.068348
-0.46971,-0.73486,0.1105,-0.15086,-0.16464,0.17837,0.30688,0.22646
0.19151,0.71469,0.017868,0.5348,0.24529,0.29764,-0.04326,-0.12482
0.062163,0.92131,-0.12133,0.33444,-0.0078987,0.036848,-0.06209,0.12439
0.74579,0.4829,-0.41973,-0.1119,-0.13331,0.052297,-0.022971,-0.029612
0.38462,0.72997,0.11952,0.48093,0.25989,0.01565,-0.0070605,0.076137
-0.87052,0.38898,-0.076786,-0.056053,0.23633,-0.11878,0.082308,0.071522
-0.73447,0.19581,-0.46384,-0.29274,0.28097,-0.11743,0.16855,0.014682
-0.46868,-0.71769,-0.20315,-0.035601,0.12518,0.43839,0.11817,0.030139
0.52871,0.83183,-0.0065994,-0.09552,0.047436,0.06727,0.032595,-0.10736
-0.40141,0.76318,-0.08145,0.22013,-0.42455,-0.049739,-0.13492,-0.020647
0.50629,0.73841,0.0032078,0.32341,0.2629,-0.059238,-0.076743,-0.12367
-0.7626,0.47899,-0.28123,-0.29058,0.0034276,0.01357,-0.15123,0.049204
0.038979,0.93964,0.017363,-0.17475,-0.18568,0.16005,0.12744,0.091558
0.34257,0.83753,-0.17001,-0.37573,0.077501,0.038948,-0.03863,0.045832
0.90341,0.25856,0.27445,-0.15546,-0.071635,0.021281,-0.0081937,0.10889
0.040202,0.78912,0.040202,-0.60761,-0.0038142,0.056854,-0.0031143,0.040202
0.8303,-0.16221,0.27298,0.11847,-0.42784,0.056947,0.053155,-0.081331
0.067393,0.84367,-0.079258,0.47688,-0.2057,-0.0044182,-0.033981,0.080576
-0.41917,0.77034,-0.23147,-0.21394,-0.27332,0.10133,-0.19023,0.10179
-0.057431,-0.081589,-0.97451,-0.0013942,0.15029,-0.081219,0.10572,0.0031969
0.45918,-0.85204,-0.18116,0.054142,-0.025492,-0.059017,0.070996,-0.13508
-0.060334,0.99088,0.0049071,-0.019679,0.0565,0.032253,-0.046132,0.088047
-0.58693,0.29508,0.4228,-0.051847,-0.48447,0.16079,0.35209,-0.049576
-0.3324,0.70137,-0.13099,0.34433,-0.4069,0.098656,-0.24907,-0.15666
-0.68158,-0.6582,-0.10235,-0.17249,-0.035595,0.17246,0.10634,-0.14029
0.71055,-0.47065,-0.38487,-0.040146,0.25239,-0.025361,0.17343,0.17162
-0.030627,0.88989,-0.072759,-0.42144,0.15138,-0.012496,-0.0024488,0.034227
0.46877,-0.79882,-0.10504,-0.24517,0.18108,-0.13937,0.1102,-0.081488
-0.22801,-0.77519,0.064644,-0.50915,-0.21262,-0.093164,0.16174,0.060188
-0.78676,0.012677,-0.47219,-0.14524,-0.35911,0.033824,-0.057568,0.058133
0.96736,-0.18396,0.030544,0.045045,-0.021875,0.042026,0.15857,-0.004459
-0.49312,0.70839,-0.21321,-0.22564,0.26531,0.19015,-0.14132,0.17922
0.8583,-0.34509,-0.29712,-0.17012,-0.069224,0.091391,0.11017,0.041738
-0.038893,0.95199,-0.011416,0.29837,-0.012599,0.0032838,-0.010287,-0.052631
0.92638,0.021701,0.20244,-0.016433,0.19739,0.0697,-0.2058,-0.11796
0.025672,0.77197,-0.16136,-0.58758,-0.15688,-0.070081,0.00084333,0.051008
0.42335,-0.61001,0.096016,0.40638,-0.40389,0.30285,-0.12789,0.055634
0.94709,0.061877,-0.3083,-0.037135,-0.047208,0.0035532,0.020111,0.010522
-0.90329,-0.11326,0.20694,0.14848,0.31827,0.036855,0.060556,-0.0075929
0.33731,0.90889,-0.023379,0.095063,0.15944,-0.14891,-0.02437,-0.048661
-0.68687,-0.50288,-0.25954,-0.22883,-0.3628,0.047347,0.12654,0.075635
-0.08542,-0.98312,-0.064463,0.13699,0.0050598,0.024757,0.03377,0.038463
0.90389,0.42232,0.052966,-0.036158,-0.003484,0.015519,-0.014807,0.0070498
0.18057,0.10856,-0.97015,-0.10856,0.033896,-0.027676,-0.021759,0.015386
-0.31423,0.87506,-0.085735,-0.30577,0.15279,0.068088,-0.032582,-0.075102
0.010601,0.72353,-0.043323,-0.66789,-0.14307,-0.054422,0.070537,0.0057601
0.93178,0.17661,0.27625,0.10876,0.044387,0.070665,-0.073262,0.01088
-0.33254,-0.83477,-0.090983,-0.32357,-0.2711,0.014027,0.034151,0.06881
0.037536,-0.14335,0.10099,0.96228,-0.041071,-0.0055653,-0.0007792,-0.20033
-0.63839,0.69264,0.062342,-0.030177,-0.14883,0.27756,-0.069989,0.061828
0.96008,-0.074623,-0.23078,0.026806,0.023316,-0.067283,0.079989,0.084987
-0.83724,-0.28655,-0.095848,0.052875,-0.021472,0.19245,0.39599,0.1031
-0.060254,-0.23805,0.0023244,-0.9525,0.048324,-0.16137,0.062073,0.014587
0.74175,-0.40018,-0.20242,-0.011572,0.29878,-0.299,0.26417,0.0094907
-0.73935,-0.29967,0.42864,-0.20681,0.34064,0.11949,0.01319,-0.081065
-0.14318,-0.76643,-0.10175,0.52347,0.29026,-0.1446,0.020301,0.046303
-0.25235,0.89616,-0.072226,0.34324,0.087953,-0.044436,0.018739,-0.011237
0.70847,0.045935,-0.6601,0.045326,-0.21765,-0.055353,0.084816,-0.023141
-0.31158,-0.8617,-0.063107,0.21869,0.2574,0.11783,0.0051064,-0.1686
-0.016716,0.81152,0.013049,-0.58199,0.016906,0.005871,-0.028292,0.033917
0.047873,-0.86347,-0.027423,0.43835,0.12535,0.041105,-0.094401,-0.18144
-0.035856,-0.74345,0.069534,0.61018,0.11752,0.085027,0.14285,0.16551
0.29656,0.67403,-0.086938,0.48229,0.42012,0.091019,-0.18016,-0.018194
0.7546,-0.41733,-0.19873,-0.1678,0.41148,-0.13036,0.049377,0.0036672
0.10838,0.88814,-0.13163,0.37258,0.014694,0.022675,-0.16099,0.12909
-0.036717,0.67355,0.047304,0.68555,0.26553,-0.0088214,0.0068244,-0.046174
-0.81231,-0.47007,0.068149,-0.015361,0.15091,0.082587,0.21119,-0.20027
-0.022014,0.97851,0.065284,0.13704,-0.092502,0.022797,-0.095794,0.02715
-0.69263,-0.68093,-0.012523,-0.033205,0.053218,0.14836,0.0093438,0.17437
0.12286,0.75104,-0.12286,0.59477,-0.072565,-0.16975,0.059249,0.12003
0.8315,-0.00016769,-0.55254,0.04139,0.0086681,0.01946,0.021707,0.025873
0.67115,0.60748,0.19083,0.0090481,0.31721,-0.099325,-0.10933,-0.14693
-0.93972,-0.012651,0.03635,-0.1272,0.28435,-0.034387,-0.11873,-0.055902
0.86546,0.032329,0.43627,0.0035225,0.022572,0.076698,0.22847,-0.031457
-0.056252,-0.85052,-0.080884,0.50441,0.093606,0.025502,0.019969,0.051749
-0.90653,0.17503,-0.30682,0.11491,0.11955,-0.011011,-0.12451,0.10154
-0.73608,0.20267,-0.62218,0.029726,0.13691,0.030359,0.091501,0.032877
0.87478,0.14726,0.43926,-0.08908,0.041341,-0.072964,-0.069959,0.016278
-0.30942,-0.88666,0.11423,0.038635,0.045485,0.31644,-0.02271,0.028848
-0.89567,0.29199,-0.014002,0.10583,-0.28339,0.052832,-0.1317,0.025952
-0.8919,0.21175,-0.2786,-0.085984,-0.16236,0.045281,-0.20123,0.075912
0.18374,0.80114,-0.0245,-0.5295,-0.20586,-0.015455,-0.015083,0.024497
-0.36044,-0.70386,-0.012346,-0.41125,-0.44219,0.0051763,0.083643,0.053256
0.046298,-0.76841,0.099588,0.56693,0.12734,0.18096,-0.10136,-0.1298
-0.66934,0.55831,-0.10299,0.017064,-0.37612,0.14085,-0.1281,-0.22728
-0.48699,0.58452,-0.21375,-0.21375,0.35625,0.36136,-0.22343,0.14961
-0.84552,-0.0059943,-0.5247,-0.031986,-0.052715,-0.043041,-0.063614,0.0070017
0.017982,-0.98144,0.067837,-0.0049779,-0.06967,-0.064815,0.073784,0.13165
0.30696,-0.87545,0.026375,-0.28011,0.21739,-0.066986,0.078289,0.04826
0.31103,-0.84355,0.05065,-0.16687,-0.0049297,-0.19964,0.31155,0.15596
0.62758,0.49825,0.13795,-0.027889,0.56362,-0.080323,-0.028683,-0.11461
0.8846,-0.23669,-0.27244,0.00027901,0.16086,-0.028461,0.012451,0.24577
-0.95772,0.11642,-0.17594,-0.037744,0.0036509,0.04351,-0.14116,0.12253
-0.05324,-0.96735,-0.028836,0.047592,0,0.15059,-0.0082937,-0.18856
0.73021,-0.53655,-0.36777,0.00038492,0.087186,-0.15639,0.092616,0.05491
-0.84271,-0.2947,0.029741,0.0051932,-0.055765,0.082887,0.43793,-0.017698
0.66952,0.28619,0.57277,0.018906,0.27758,-0.17373,0.067448,-0.17212
-0.31052,-0.91722,-0.041928,0.21637,-0.025527,0.098476,0.043444,-0.038376
-0.95339,0.095826,0.24117,-0.034532,0.086567,-0.070681,-0.058994,-0.080874
-0.5359,0.331,-0.4708,-0.051402,0.51692,-0.026658,0.33,0.046254
0.52199,0.68706,-0.01283,0.19901,0.38735,-0.19623,-0.15227,-0.063024
0.92504,0.056301,0.34908,-0.0052317,0.10426,0.014129,0.035994,0.082962
-0.86344,-0.30468,0.29697,-0.09538,-0.11197,-0.018071,0.21726,-0.065515
-0.87324,-0.31396,-0.19342,-0.083,-0.26451,-0.014961,0.15487,0.020088
-0.012417,-0.72136,-0.037363,-0.54489,-0.38655,-0.080644,0.074248,0.14052
-0.35361,0.82184,0.012775,-0.1513,0.14182,0.36705,-0.064001,0.1325
0.82331,-0.022252,0.53413,0.037945,2.7756e-17,-0.044486,0.062938,-0.17026
-0.04736,-0.93893,0.0013467,-0.16682,-0.23897,0.1142,0.046058,-0.12677
0.74909,-0.31036,0.21389,-0.031363,-0.50455,-0.088442,0.12572,-0.13273
0.17778,0.79527,-0.012906,-0.54112,-0.20403,0.022093,-0.020759,0.020393
-0.29793,0.94215,0.046881,-0.13093,0.0004118,0.03566,0.028436,-0.04653
-0.75515,0.52393,-0.010326,-0.034089,0.16863,0.1383,-0.29951,0.12927
0.075863,0.73829,-0.087161,-0.65603,0.0382,-0.03,0.03128,-0.088709
-0.022729,0.92055,-0.033819,0.38216,0.044949,0.010471,0.052384,-0.0036856
0.42206,0.75473,0.030599,0.33214,0.15147,-0.19896,-0.15494,-0.23336
0.083518,0.99436,-0.0042616,0.019562,0.0063806,-0.019435,0.045601,-0.036983
-0.784,0.20448,0.41504,0.16608,-0.30262,0.026028,-0.16531,-0.1553
-0.021592,-0.39223,-0.019785,-0.9188,-0.029863,-0.012077,0.005079,-0.0067332
0.5683,-0.71008,-0.10864,-0.22233,0.32118,0.051536,-0.027976,0.070678
0.81267,-0.13953,-0.48125,0.10801,-0.015678,-0.19476,0.19452,0.028456
-0.95379,-0.088733,-0.0488,0.064107,0.068844,0.056211,0.082344,-0.24746
0.49891,0.69097,-0.10213,-0.22676,-0.42487,-0.01567,-0.092606,0.14987
0.017111,-0.92621,0.015374,0.35689,-0.08473,-0.060571,0.05821,0.0011337
0.86418,0.023193,0.46889,0.073364,0.15749,-0.034916,0.032799,-0.017584
0.52237,0.84259,0.031735,0.05145,0.069087,-0.092729,-0.0099602,0.0065357
0.35875,0.89089,-0.19289,-0.079934,0.068314,-0.14484,-0.071069,-0.057615
-0.7348,0.49142,-0.21735,-0.091873,0.31137,-0.094616,-0.16746,0.17017
-0.55103,-0.76306,-0.023987,0.267,0.06152,0.094445,0.16512,0.047687
0.76006,-0.37871,-0.4105,-0.028866,0.27734,-0.15574,-0.0424,0.081083
-0.0012444,-0.97636,-0.017093,0.21196,0.0087247,0.024891,0.021785,0.018196
0.9168,-0.22332,0.29432,0.067325,-0.093012,-0.05147,0.082885,-0.016912
-0.96689,-0.057152,-0.073668,-0.13683,-0.086543,-0.076892,0.083074,-0.13189
0.76136,-0.5522,0.15649,0.10664,-0.11792,-0.22101,0.062764,-0.11339
0.22019,0.96245,0.024915,-0.051426,0.05797,0.025736,-0.12971,0.033169
0.87829,-0.016203,0.42332,-0.028939,0.11226,-0.057729,-0.022914,0.17846
-0.70748,0.43365,-0.2435,-0.032249,0.4355,0.070744,-0.10111,0.21494
0.93508,0.20555,0.21579,0.013579,-0.042225,-0.023455,-0.18513,-0.003193
0.97033,0.13375,-0.00055072,-0.079657,0.12739,0.094251,-0.066268,-0.068729
0.26735,-0.95258,-0.047021,-0.052927,0.10689,0.033907,-0.033809,-0.048803
0.99444,0,-0.035734,0.031786,-5.5511e-17,-0.088307,0,0.031786
0.40625,0.68915,-0.035267,-0.42275,-0.3496,-0.17143,-0.077758,0.14973
-0.012088,0.88559,-0.17464,0.32701,-0.14443,0.099999,-0.21632,-0.022179
-0.75792,0.48486,-0.30518,-0.22045,-0.04441,0.12027,-0.16993,0.05849
-0.68672,-0.53198,-0.0029915,-0.027921,0.10079,0.27301,0.39982,0.0085375
0.014455,0.9279,-0.0063444,-0.20008,-0.20941,0.11494,0.02984,0.20192
-0.058351,-0.97308,0.022102,0.0039785,-0.069979,-0.12497,0.16775,0.023343
0.1417,-0.81133,0.16495,0.42468,-0.22956,0.075245,0.20383,-0.11917
0.49908,-0.80569,-0.082808,-0.17922,0.16366,-0.12947,0.01695,0.13774
-0.9554,0.055275,0.23948,0.088541,-0.05529,0.12303,-0.020909,0.018481
-0.036431,-0.99297,0.023688,-0.08821,-0.0044988,-0.021605,0.042956,0.044842
0.055,-0.97534,0.025091,-0.065717,-0.010114,-0.18034,0.060247,-0.066997
-0.90284,0.11902,0.25005,-0.17562,-0.078601,0.064177,-0.14412,0.21511
0.54993,0.72584,0.02624,0.034511,-0.2758,-0.25072,-0.1673,0.044092
-0.78453,0.27094,-0.32386,-0.12285,0.38152,-0.060918,0.1682,0.11647
-0.69778,0.12991,0.50214,-0.063285,-0.47824,0.019337,0.032571,-0.099613
0.67736,0.35021,0.29517,0.23457,0.44559,0.060273,0.24186,-0.12535
0.70388,-0.64122,0.016713,0.12321,0.12493,0.0048322,0.23439,0.08581
-0.48225,0.81918,-0.0070749,0.066159,-0.29411,0.014261,-0.066073,0.029666
-0.86876,0.28087,-0.35152,-0.043352,0.13269,0.13894,-0.016371,0.06111
-0.25575,-0.72169,-0.031363,-0.52763,-0.34358,-0.11822,-0.0069281,0.04803
-0.006752,-0.99065,0.01455,-0.12351,0.031106,0.046117,-0.0018602,0.0017243
0.29822,0.61212,0.042221,0.6498,0.27253,0.12157,-0.13986,-0.061215
0.26303,-0.91314,-0.080099,0.07066,0.10593,-0.11455,0.23763,-0.069087
-0.17666,-0.85611,0.039523,-0.47231,-0.076437,0.0071796,0.072933,0.0039626
0.65861,-0.53224,-0.33237,0.10663,0.32233,-0.1042,0.21143,0.040705
-0.78963,0.42296,0.29318,0.11556,-0.28762,-0.10177,-0.072069,0.0033779
-0.034075,0.91827,-0.016471,0.37798,-0.07726,0.067922,0.042515,0.0094329
0.21349,0.88969,0.058147,-0.26755,-0.047108,-0.28799,0.042706,-0.030485
-0.16344,0.86003,-0.19072,0.34168,-0.012339,0.2468,-0.10598,0.090703
-0.52905,-0.69328,-0.039313,-0.11723,-0.352,0.21782,0.14089,0.1816
-0.61998,-0.70553,-0.10085,-0.16543,0.12798,0.13777,0.21177,-0.01066
0.79658,0.088532,-0.58562,-0.094889,0.016611,-0.00023345,0.038632,0.062428
0.3213,0.77858,-0.10127,-0.3351,-0.1309,-0.34829,0.038995,0.16752
0.83927,-0.078405,0.52744,-0.0082197,-0.091638,0.0087676,0.052278,-0.0038404
-0.49186,-0.37961,-0.32157,-0.32157,-0.51003,-0.33436,-0.17561,-0.066138
-0.44737,0.65771,-0.10413,0.28172,-0.40843,-0.18542,-0.24596,-0.12401
-0.90587,-0.2226,0.06105,-0.10032,0.32505,0.015324,0.098877,-0.019585
0.0035703,-0.7882,0.0088493,0.61174,0.038043,0.039139,-0.018768,0.032954
-0.86825,0.22859,-0.38688,0.080738,0.18166,0.040338,-0.022637,0.050617
-0.85729,-0.30922,0.3556,-0.082011,-0.018198,-0.077295,-0.08181,-0.15251
0.89944,-0.079804,0.39962,-0.032915,-0.1247,0.026577,0.087124,0.0042288
-0.82033,0.44792,-0.23797,0.0080076,0.089315,0.18427,-0.16193,0.039836
0.54233,-0.73676,-0.13637,-0.11015,0.34047,-0.0089161,-0.05027,-0.11748
0.85381,0.1433,0.47313,-0.024979,0.14673,-0.037895,-0.045906,-0.030429
0.75378,0.57446,-0.098786,0.027349,-0.040755,-0.23806,-0.1767,0.041836
0.91644,0.022717,-0.39852,0.012166,-0.0069184,0.013541,-0.020305,0.0040679
-0.67242,-0.71139,-0.11852,0.037326,-0.10669,0.081543,-0.046847,0.078137
-0.10931,0.84532,-0.094966,-0.51059,-0.055648,-0.01795,-0.0046454,-0.017914
0.76705,-0.098954,0.60216,-0.075234,-0.1157,-0.017216,-0.13994,0.017493
-0.0096192,0.96695,0.040508,-0.23158,-0.069368,0.017789,-0.064626,0.01831
-0.0067078,0.75763,-0.11786,-0.61101,0.15328,-0.12195,-0.015211,-0.011624
0.95174,0.16448,-0.014511,0.08281,-0.080703,-0.014907,-0.16489,-0.16173
0.64696,-0.29445,-0.43449,-0.11852,0.45667,-0.031579,-0.2858,-0.026166
-0.61817,0.64341,0.033634,0.11178,-0.021939,0.36406,-0.21785,0.098948
0.015999,0.96411,-0.072706,0.024812,0.076618,-0.23293,0.004127,-0.064726
-0.53747,-0.34541,-0.47884,-0.078567,-0.52475,-0.088635,-0.27042,-0.0040416
-0.43577,-0.77793,-0.11523,-0.080742,0.044067,0.37804,0.11002,0.16783
0.83679,-0.30807,0.17382,0.026929,-0.15629,-0.14139,0.28986,-0.21331
-0.6541,-0.40553,0.40282,0.15603,0.39263,0.20507,0.030806,-0.1547
-0.59786,-0.1186,-0.75567,0.030525,-0.23242,-0.006201,0.019936,0.045595
0.888,0.25931,-0.085061,0.096709,0.18701,-0.12409,-0.27536,0.037731
0.39968,-0.75564,0.09387,0.12701,-0.17668,-0.36023,0.28821,-0.016733
-0.18015,0.60425,0.03778,-0.678,0.34157,-0.15087,-0.019445,0.038941
-0.85799,-0.23476,0.33137,-0.061546,-0.25923,0.16297,0.029028,-0.023362
-0.0055753,-0.97637,0.053475,-0.11513,0.072342,0.057202,-0.059067,-0.13625
0.85855,-0.040471,-0.50771,0.050794,0.0081329,0.00017064,0.020361,-0.020595
-0.018071,-0.86133,-0.049531,0.49518,-0.075608,-0.025557,0.036082,-0.049531
0.042501,0.80395,-0.014551,-0.58169,-0.1005,0.038763,-0.028226,-0.029642
0.97632,0.0033644,0.078232,0.015307,0.0097679,-0.086915,-0.15326,-0.096428
-0.23623,-0.5192,0.068289,0.79616,-0.12231,-0.11927,0.080302,-0.021369
-0.70441,-0.24623,0.47288,-0.01839,0.36209,0.20774,-0.19051,0.093129
-0.2758,-0.82948,0.028956,0.078207,-0.073329,0.44341,0.16067,-0.033681
-0.91376,-0.075633,-0.30331,0.19773,-0.025531,0.058941,0.11745,-0.10149
0.87823,0.42778,0.086413,-0.020229,0.12907,-0.012364,-0.14424,-0.014651
-0.15805,-0.96545,0.077035,0.1531,-0.1123,0.015176,0.024951,0.0097278
-0.70344,-0.5927,-0.13063,0.102,-0.085635,0.27041,0.098028,0.19064
0.93028,0.25575,-0.17317,0.066424,0.037405,-0.090589,0.043612,0.15254
0.88483,0.17924,0.39539,-0.059306,0.10121,0.020127,-0.10711,-0.054509
-0.78295,-0.20203,0.45994,0.0050519,0.29729,0.086447,-0.15679,-0.11902
-0.063084,-0.30654,0.031893,0.93864,-0.055241,-0.089215,0.089215,0.031893
-0.15107,-0.80122,-0.0053485,0.53828,0.19687,-0.054945,0.031627,0.051704
-0.83555,-0.21693,0.39254,-0.096377,0.1661,0.023287,0.20672,0.14336
-0.65906,-0.59326,0.14862,0.045479,0.092249,0.26038,0.33483,-0.033283
-0.57986,-0.76885,-0.01632,-0.055011,-0.17447,0.11735,0.092794,0.12854
0.72294,-0.075243,0.63128,0.046484,-0.26288,0.0051681,-0.043414,0.0019393
0.81638,0.28982,0.32625,-0.082032,0.22462,-0.10228,-0.26954,-0.052906
-0.4237,0.74387,0.1797,0.22216,-0.28303,0.21459,-0.12957,-0.20625
0.98504,0.03943,-0.067369,0.10916,-0.011891,0.019595,0.10562,-0.0026051
-0.77459,0.58754,0.002235,0.040848,-0.12901,0.14512,-0.089487,0.086175
0.88118,0.0044424,-0.46177,-0.045821,0.068493,-0.046372,-0.030675,-0.019689
0.7568,-0.6443,-0.0085999,-0.010659,0.051038,-0.06627,0.069118,-0.012938
0.76342,-0.56661,0.17679,-0.11812,-0.20597,-0.058865,0.058659,-0.040138
-0.90611,0.14772,0.28851,-0.11881,0.14508,-0.042342,0.152,0.11768
0.17171,-0.95426,0.022492,0.2033,-0.098151,0.075304,0.033415,-0.040677
0.97378,0.13149,0.058675,0.082873,0.0099539,-0.090888,-0.084873,0.09264
-0.5556,0.58867,0.37307,0.13098,-0.34461,-0.049416,0.2132,-0.1476
0.84066,-0.36026,-0.24492,0.050068,0.28825,-0.046859,0.12537,0.0013713
0.94194,0.16906,0.25567,-0.060924,-0.053455,0.066023,0.0017176,-0.088676
-0.86435,-0.28842,0.24838,-0.026517,0.31651,0.05056,0.0405,-0.054222
0.34357,0.91122,0.025747,-0.064135,0.16299,-0.018334,-0.046463,-0.13344
0.33562,-0.83267,-0.071713,0.21482,-0.341,0.076366,0.11695,-0.083311
-0.20162,-0.94304,-0.16096,0.18136,-0.063391,0.029416,-0.051759,-0.060517
-0.51329,0.67931,-0.09251,-0.13373,0.48687,0.022707,-0.037901,0.098178
0.51576,0.74739,0.1423,0.15983,0.30966,-0.13238,0.056438,-0.11406
0.88016,0.10614,0.34039,0.024249,-0.2127,-0.17367,-0.023611,0.14708
-0.55581,0.70955,0.017027,-0.0060808,-0.12763,0.32071,-0.25921,0.030915
-0.8502,0.43251,-0.16808,-0.0034231,0.043605,0.029799,-0.23957,0.04053
-0.94015,-0.21261,-0.21135,0.058511,-0.082013,0.05702,0.067554,-0.090971
0.48563,0.3397,0.34832,0.16501,0.57194,0.25473,0.30759,0.11662
-0.41023,0.87719,-0.10372,0.18208,-0.065586,0.068416,-0.07191,0.06469
-0.63778,-0.55077,0.04433,0.16028,0.39469,0.16531,0.082428,-0.26893
-0.87459,0.41228,-0.034156,0.020782,-0.085858,0.14083,-0.18962,-0.018951
0.0024087,-0.99109,-0.0171,-0.12548,0.016895,0.034571,-0.013794,0.0049367
-0.054449,-0.71339,0.13167,0.6822,-0.026012,0.034747,-0.026747,0.052648
-0.32337,0.89831,0.12197,-0.078826,-0.24225,0.036695,-0.063805,-0.057258
0.0036987,0.85076,0.08452,-0.47904,0.0043081,0.18986,-0.059098,0.002202
-0.13005,0.9425,0.057242,-0.16978,-0.087155,0.21814,-0.079585,-0.03409
0.92632,-0.14919,-0.29105,-0.077629,0.057794,0.14839,-0.023205,0.055155
0.45184,0.86788,0.079815,0.0043083,0.097633,0.0095247,-0.098863,-0.12979
0.11084,-0.76096,-0.019664,-0.59875,0.21334,0.063724,0.013371,0.0022716
-0.077601,0.95381,-0.073097,0.20049,0.17076,0.082498,-0.045636,-0.025183
-0.0452,-0.48917,0.032211,-0.81498,-0.28658,0.094958,-0.022131,0.042488
0.26835,-0.87998,0.089322,-0.24388,0.26521,0.0025718,0.11288,0.055528
-0.30304,-0.73895,-0.14293,-0.38977,-0.38466,0.17946,0.090239,0.038232
0.26117,0.88505,0.051727,0.28133,0.16709,-0.15782,0.057659,-0.10247
-0.97599,0.052431,-0.064211,0.020772,-0.053638,0.022041,-0.01691,0.19102
0.29599,0.92424,-0.19705,0.12805,-0.022564,0.029765,-0.023161,0.031724
-0.8904,0.29847,-0.3032,0.011546,-0.11423,-0.064439,0.087432,0.034523
0.18911,-0.87511,-0.13939,0.18577,-0.34261,0.14771,0.059559,0.041667
-0.088406,0.084144,0.9794,0.083347,-0.038004,0.062441,-0.050384,-0.10509
-0.94687,0.027499,-0.2082,0.0089283,0.19982,0.0026312,0.038889,-0.13342
-0.33348,0.89022,0.0077558,-0.043331,-0.071492,0.25964,-0.14017,0.046689
-0.62641,0.25536,0.46692,-0.14684,-0.42944,0.2339,0.21949,-0.1246
-0.82319,-0.012315,-0.54395,0.018033,-0.096067,0.12559,-0.017416,-0.02622
0.85464,0.035749,0.37319,0.13161,-0.13917,-0.091124,0.28767,-0.036054
-0.8816,0.29058,0.073125,0.15237,-0.25797,0.18757,-0.085134,-0.028417
0.91017,-0.043984,0.29596,-0.070293,0.032914,-0.19323,-0.11475,0.15978
0.7935,-0.44761,0.1951,-0.17155,-0.28431,-0.1181,0.038549,0.078941
0.14241,-0.89119,-0.1231,-0.16801,-0.22059,-0.24017,0.14698,0.11905
0.86421,-0.23551,0.2512,0.10683,-0.29034,-0.05197,0.15523,-0.10987
0.2899,-0.88164,-0.11858,0.067096,-0.33153,0.048977,0.087585,0.011166
-0.10894,-0.96486,-0.11761,0.14716,0.12222,0.0087478,-0.0089187,-0.081252
0.076454,0.93478,0.18076,-0.16953,0,-0.21625,-0.095645,0.054984
-0.71489,0.36484,-0.56568,0.02726,0.0702,0.082746,-0.10707,0.10882
0.33447,0.80206,-0.051648,0.37372,0.29742,0.10183,-0.038455,-0.046687
0.75663,0.45795,0.17891,-0.0086606,0.39911,0.014225,-0.14292,-0.076069
-0.059646,-0.79812,0.014273,0.51228,-0.2464,0.081329,0.16727,-0.038715
0.87524,0.42877,-0.00052524,0.030181,-0.18292,-0.060765,-0.0089055,-0.10937
-0.28298,-0.81635,-0.04409,0.39468,0.26359,0.15473,0.020942,0.043755
0.83051,0.24567,0.45443,-0.034788,0.082906,0.023515,-0.11172,-0.14928
-0.37237,0.79658,-0.17451,0.32159,-0.27868,0.10256,-0.066204,0.019054
-0.035603,0.96386,0.03541,-0.24373,0.061667,-0.050351,0.051784,0.0045945
-0.00048115,-0.79693,-0.0032104,0.59643,0.072384,-0.044876,0.033497,0.028041
-0.55632,-0.42285,-0.34855,-0.11669,-0.51974,-0.19727,-0.20764,-0.15632
-0.92746,0.096181,-0.18195,-0.14704,0.24974,-0.029883,0.09689,-0.056523
-0.60676,-0.70395,-0.11957,-0.16196,-0.069908,0.27661,0.079211,0.089944
-0.7079,-0.084083,0.68878,-0.043849,-0.091193,-0.0024791,0.074459,0.040002
0.91867,0.066353,-0.30756,0.15652,-0.077283,0.015599,-0.1259,-0.10241
0.93925,-0.24386,-0.12351,-0.032174,0.0059202,0.13168,-0.0038749,-0.15703
0.80853,-0.45217,-0.081891,0.0095682,0.15143,-0.17259,0.17222,0.22946
-0.078979,-0.83266,0.012833,-0.53743,-0.048316,-0.079981,0.0043157,-0.051842
-0.0414,0.90299,0.036468,-0.42223,0.0087906,0.045281,-0.027247,0.020422
0.43216,-0.80692,-0.10551,0.26872,-0.21143,-0.12731,0.12657,-0.042908
-0.91135,-0.14995,0.19069,-0.054057,0.085503,0.13908,0.21467,-0.18692
-0.23673,0.8831,-0.1189,0.33919,0.17695,0.038161,0.02926,0.035735
0.57282,-0.56106,0.21466,0.23787,-0.50263,0.025596,0.023871,-0.024016
-0.90814,0.25867,0.02675,-0.17603,-0.26132,0.00052783,-0.091517,-0.0012265
-0.316,-0.72687,0.091044,0.57127,0.16933,-0.083066,0.015021,0.037074
0.28274,-0.5823,0.092494,0.43361,-0.55749,0.25492,-0.025663,0.089316
-0.087628,0.95309,0.10371,0.22739,-0.095701,0.013429,-0.10997,0.0065905
0.084783,-0.7729,-0.016211,0.61399,-0.11985,0.053762,0.00087868,0.030557
-0.34847,-0.79604,-0.061091,-0.33624,-0.34946,-0.046655,0.027217,0.055267
0.05043,-0.70086,-0.024085,-0.70086,0.087347,0.071318,-0.034062,-0.024085
0.92943,0.21315,-0.1573,0.090383,-0.19491,-0.033353,-0.12544,0.054514
-0.097216,-0.94003,-0.08296,-0.29125,0.10329,-0.066595,-0.0021082,0.008705
0.42846,-0.80369,-0.15802,0.229,-0.17324,-0.11542,0.13209,-0.17976
0.79577,0.50959,0.1602,-0.086661,0.24488,0.029587,-0.026019,-0.11123
0.86585,-0.34691,0.11674,-0.18152,-0.27159,-0.087235,0.00074185,-0.044917
0.92617,-0.1479,0.28394,0.08898,-0.16227,-0.035174,0.020836,0.06165
-0.71575,-0.64873,0.015814,0.018225,0.13919,0.1495,0.15222,-0.037048
0.0030507,-0.95346,-0.051527,0.15101,0.226,0.11666,0.0022227,-0.027338
-0.9374,-0.12006,-0.25149,0.031465,-0.058834,0.017764,0.19547,-0.025247
-0.97282,0.18615,-0.0978,-0.082343,-0.050171,0.0090548,-0.0049578,-0.0029657
-0.054074,0.98335,0.066822,-0.027577,-0.099045,0.023958,-0.089588,-0.08038
0.8784,0.29958,-0.12928,-0.28114,0.16369,-0.044003,-0.11362,-0.035748
0.95799,-0.16287,0.11585,0.026674,0.13296,-0.13833,-0.01554,-0.067307
0.24041,0.71839,0.029561,0.47672,0.42044,0.13951,-0.027266,0.031795
-0.95706,0.043416,-0.27921,0.042138,0.0071192,0.041097,-0.00065481,0.025916
-0.70002,0.43176,0.23412,0.15001,-0.48117,-0.075927,0.077828,-0.053813
-0.96661,-0.03159,0.039157,-0.10612,-0.12614,-0.048276,0.17639,0.050195
0.01184,-0.68229,0.018571,0.72892,0.026941,-0.023921,-0.00097446,-0.037073
0.055317,-0.94344,0.16238,0.10695,0.18393,0.15602,0.10416,-0.006186
-0.95704,-0.11002,-0.17802,-0.0084827,-0.061077,-0.049869,0.16159,-0.088823
0.24204,-0.93368,0.015426,-0.034597,0.017032,-0.21977,0.13165,0.048065
-0.073639,0.97658,-0.021689,-0.17877,-0.056686,0.069432,-0.013148,0.015488
-0.97522,-0.17376,-0.0080561,-0.12542,0.051725,-0.005908,-0.014868,-0.0050696
0.088892,-0.95881,0.086791,-0.10703,0.041736,-0.14919,0.048693,0.16561
-0.0030457,0.74468,0.076115,0.55201,0.34769,-0.0043073,-0.11311,0.035068
0.015745,-0.91861,-0.027438,0.39341,0.016561,-0.0039664,0.0030137,-0.0088881
-0.80354,-0.21044,0.41556,-0.22258,0.1965,0.17761,0.1139,0.068397
-0.050759,0.87516,0.015677,-0.44673,0.044726,-0.071784,-0.048717,-0.14892
0.047573,-0.85913,-0.16117,-0.45232,0.049572,-0.013131,-0.087316,0.13712
0.096442,-0.30856,-0.024562,0.94542,0.0073634,0.018475,-0.0015109,-0.025868
-0.10474,-0.80315,0.047665,0.39752,0.073104,0.40432,0.12178,-0.005654
-0.12964,0.14906,0.96224,-0.12104,0.033961,-0.029014,-0.10241,-0.089095
0.98902,-0.039901,-0.093963,0.0012102,-0.0058747,-0.038589,0.098468,0.013921
-0.076453,0.82575,0.12213,-0.5036,0.092261,-0.1652,-0.076361,-0.046048
-0.45827,0.81555,-0.048173,0.14137,-0.29864,-0.029468,-0.022454,-0.10952
-0.90034,-0.028591,0.42892,0.041281,0.02878,-0.015086,0.010372,0.041616
-0.7113,-0.27891,0.41849,-0.075586,0.37205,0.10114,-0.12247,-0.26789
-0.85176,0.10153,0.37975,0.0080196,0.014722,0.24541,-0.14502,-0.19606
0.395,0.81477,-0.020403,0.069166,0.11049,-0.341,-0.21018,-0.047541
0.85217,0.037288,0.44527,-0.18401,-0.17554,0.010989,-0.072497,0.063985
0.15017,-0.90664,0.12798,0.13312,-0.077971,-0.23376,0.15961,-0.18748
0.9415,0.21164,-0.13008,0.093912,-0.1336,0.10973,-0.037688,0.10833
0.89376,-0.16574,-0.18864,0.03947,0.015653,-0.034178,0.36707,-0.020741
-0.32965,0.87522,-0.063162,-0.0071393,-0.027104,0.27604,-0.17434,0.11811
-0.031407,-0.77148,-0.01989,0.57972,-0.011778,-0.20411,0.089007,-0.13281
-0.35757,-0.85741,0.042136,-0.11982,-0.057776,0.23678,0.19129,0.15772
0.13589,-0.96557,0.036453,-0.040849,0.098021,-0.14425,0.080033,0.09687
-0.24379,-0.92362,0.033097,-0.27696,-0.052733,0.075906,-0.014643,0.030556
0.78978,-0.51305,-0.14328,-0.027137,0.26143,-0.035688,0.07446,-0.12882
0.18696,-0.91382,0.074873,0.29046,0.078206,-0.1246,0.13474,-0.01429
0.83853,0.053115,0.53319,-0.053206,0.029678,0.0089926,0.075115,0.017549
-0.89232,-0.14757,-0.36247,-0.15142,0.06454,0.0053356,0.10674,0.10993
0.011435,-0.92516,-0.061884,-0.30518,-0.047506,0.084023,0.054139,0.18636
-0.67205,0.50734,-0.30789,-0.073616,0.2876,0.26604,-0.09816,0.16616
0.85858,0.076618,-0.47502,0.014955,-0.053504,-0.043686,-0.16207,0.0087292
0.10996,0.95709,0.067219,-0.030454,-0.11643,0.15551,-0.15551,0.067219
0.26808,0.89832,-0.083568,0.15812,-0.10313,-0.21332,-0.17591,-0.045759
-0.75172,0.09405,-0.62944,0.03085,0.1498,0.043561,-0.06726,-0.0076518
0.65179,-0.54889,0.17857,0.2008,-0.42522,0.093336,-0.063031,-0.090437
0.44117,0.64457,-0.14426,-0.31495,-0.45586,0.098241,0.026811,0.22744
0.18461,-0.87229,-0.11616,0.38282,-0.19884,0.069349,-0.016248,0.019417
0.27028,0.84345,0.026523,0.40124,0.11384,-0.03313,0.092535,-0.17671
-0.33657,0.71773,-0.01703,0.56449,-0.14103,-0.1576,-0.018629,-0.087008
0.098716,0.83869,0.033608,-0.39569,-0.25403,-0.24638,0.034703,0.052095
0.91591,-0.3206,0.13689,0.038496,-0.12206,0.021486,0.10897,-0.10422
0.82519,0.35492,-0.19017,-0.14952,-0.22823,0.010207,-0.28568,-0.027649
0.81312,0.20201,-0.49191,-0.1154,0.14313,-0.063669,-0.13048,-0.034077
0.99549,0.0073341,-0.067943,0.0012994,0.0062676,-0.0051175,-0.060129,0.025251
-0.24381,-0.8122,0.085807,0.20012,0.093412,0.46078,0.11133,0.0061661
-0.89334,0.35208,-0.012893,-0.10534,-0.14629,0.075766,-0.13583,-0.14536
0.059116,-0.87711,0.059116,0.46272,-0.040721,-0.06746,-0.033249,-0.047701
0.95655,-0.16095,0.092247,0.09383,0.032254,0.0021851,0.19332,0.058041
-0.28636,0.92859,-0.17586,-0.083285,-0.052604,0.09077,0.0095886,0.082232
-0.10299,0.94892,0.16538,0.11738,-0.11227,0.016292,0.1799,0.050874
-0.776,-0.3235,0.39411,-0.22882,0.19457,0.19651,0.077746,-0.054521
-0.25855,0.91151,-0.20017,0.010846,-0.16837,0.15488,0.031983,-0.093577
-0.77359,0.41026,-0.19002,0.0034547,0.050677,0.23611,-0.3718,0.024099
0.48871,0.80155,-0.17911,-0.20053,-0.17536,0.033548,-0.056692,0.1063
-0.0056136,0.96844,-0.0041769,-0.2157,0.010384,-0.11582,0.0439,-0.0096309
-0.0073542,-0.90543,0.0073542,0.40965,-0.026607,0.085975,0.021725,-0.060794
0.51855,0.56879,0.011543,-0.012582,0.56113,-0.092194,-0.23428,-0.17041
0.92436,0.043434,-0.251,0.18422,-0.13867,-0.11421,-0.11989,0.0088975
-0.12212,-0.86184,0.041766,-0.33947,-0.11862,0.32288,-0.042101,-0.072338
-0.051201,0.80765,-0.10272,-0.47639,-0.052511,-0.30426,-0.040973,0.10284
-0.60679,-0.75749,0.048221,0.067764,0.15265,0.098313,0.063713,0.1186
-0.6224,0.66236,0.036746,0.14216,-0.082981,0.29096,-0.22776,-0.09443
-0.87174,-0.11482,0.31058,0.065175,0.10987,0.022337,0.28489,-0.18015
-0.32068,-0.90715,0.038508,0.01628,-0.009124,0.26619,0.037941,-0.010624
-0.33329,0.91564,0.088733,-0.039459,0.15048,0.080629,0.044979,-0.09964
-0.15719,0.84347,-0.051825,-0.48355,0.13959,0.0030492,-0.086047,-0.021032
-0.89985,0.30822,0.10865,-0.089428,0.091608,-0.01631,-0.17693,-0.1884
-0.43731,-0.8043,0.018025,-0.14565,-0.34861,0.015772,0.10532,0.086316
0.23935,0.68603,0.052171,0.62327,0.26405,0.06929,-0.020341,-0.077144
-0.73922,0.64684,0.0082413,-0.11064,0.067535,0.098181,-0.06071,0.070454
-0.54406,0.62556,-0.037622,-0.030698,-0.35752,0.295,-0.24618,-0.18669
0.94095,-0.30262,-0.021801,-0.017849,-0.11475,0.079906,0.030073,0.042218
0.78359,0.46874,0.13264,-0.008925,0.0836,-0.11259,-0.35764,-0.031955
-0.060192,0.80967,0.093962,0.511,-0.14168,-0.1768,0.023649,-0.13776
-0.28909,0.91418,-0.03048,0.20419,-0.12224,-0.13254,0.058711,0.046114
0.085353,0.87063,0.033316,0.45815,-0.039467,-0.14474,-0.017267,-0.030004
-0.87521,0.25301,0.31456,0.0078966,0.013411,0.10376,-0.20586,-0.1329
0.14989,-0.69761,0.14727,0.67198,0.10526,0.036128,0.04451,-0.057105
0.91848,0.009157,-0.17668,0.21419,-0.16213,-0.17347,-0.11237,-0.10106
0.012407,0.99121,-0.0264,-0.12076,-0.036376,-0.025043,0.009911,0.0037145
0.43971,0.7402,-0.07602,0.1167,0.47706,0.031279,-0.10364,0.0074297
-0.34485,-0.72186,0.025035,0.42622,0.33977,0.14312,0.1773,-0.10168
-0.37968,-0.050914,-0.91338,0.024914,-0.089449,0.050861,0.075528,0.045633
-0.92302,0.10473,0.33902,-0.10129,-0.042341,0.071589,-0.048518,-0.051096
0.91345,-0.068036,0.38252,0.011701,-0.050375,-0.08041,0.069041,-0.027332
0.79568,0.47564,0.055269,-0.12876,-0.32139,0.1301,0.0093987,-0.026805
0.4232,0.8746,-0.11552,-0.073102,0.080409,-0.15904,-0.057753,-0.046774
0.68341,0.6488,0.10228,0.11605,0.18062,-0.17949,-0.15046,-0.024611
0.79857,0.096948,-0.58181,-0.081551,0.040215,-0.036008,-0.022887,0.065567
0.22505,-0.8892,0.024336,0.19409,-0.033626,-0.34023,0.056668,-0.017604
0.6066,-0.65793,0.016523,-0.13747,-0.23747,-0.16514,0.31032,-0.0062272
-0.83106,0.072951,-0.44409,0.046086,0.25497,0.013133,0.058818,0.18982
0.94503,-0.11888,0.17441,-0.053402,0.093559,-0.14014,-0.16812,-0.053402
0.13265,-0.97517,-0.024337,-0.13836,-0.015028,-0.09584,0.0073817,0.047367
0.82504,-0.31246,-0.37498,-0.0651,-0.15556,-0.12966,0.1638,0.094809
-0.46531,-0.85155,-0.17386,-0.0032511,0.031571,-0.0066521,0.075963,-0.14594
0.76751,-0.46999,0.1169,0.017938,-0.1257,-0.12391,0.33591,-0.17905
-0.91876,0.13873,-0.15738,0.089686,0.066216,0.025574,-0.23018,0.21403
0.71522,-0.64475,-0.1411,-0.059919,-0.19972,-0.072338,0.05718,-0.02942
-0.92198,0.12439,0.22233,0.053226,0.23796,0.040106,0.15073,0.035419
-0.80958,0.27363,0.36831,-0.01602,-0.20209,0.064524,-0.27894,-0.10484
0.38071,0.60608,-0.071619,-0.45576,-0.50509,0.03184,-0.075242,0.11444
0.037362,0.93948,-0.16309,-0.15826,-0.24173,-0.026809,-0.072015,9.2622e-05
0.93814,-0.21015,0.11696,-0.018029,-0.19264,0.027334,0.12254,0.094042
-0.9637,-0.09444,-0.057508,-0.079269,0.063907,-0.18963,0.11058,-0.022341
-0.28564,-0.74711,0.19865,0.25352,0.32786,0.30417,0.16052,-0.17529
-0.05818,0.75316,-0.048169,-0.64555,0.073748,-0.016087,0.060215,-0.031397
-0.20428,0.72211,0.076044,0.62798,-0.10607,-0.14116,-0.07076,0.02247
0.76416,-0.3313,-0.30789,-0.17355,0.40204,-0.045673,-0.047725,0.12401
0.88446,0.065212,0.40911,0.075896,-0.10589,-0.11767,0.12365,-0.00015327
0.17749,-0.92097,-0.20575,0.22132,0.012857,-0.11069,0.072023,0.1067
-0.87362,-0.41457,0.039717,-0.033682,-0.058985,0.10877,0.21212,-0.043629
-0.79533,0.44687,-0.088617,0.038915,-0.23931,0.2709,-0.14591,-0.080304
0.9724,-0.037996,0.0091387,-0.022923,-0.026705,0.077203,0.042056,0.20962
0.94032,0.23194,-0.15833,-0.055384,-0.12864,-0.040512,-0.024421,0.12278
-0.88516,0.28647,0.035541,-0.031944,-0.026694,0.073261,-0.35488,-0.011163
-0.72828,-0.56382,0.08658,0.099953,0.22105,0.12793,0.24442,-0.096265
0.35949,0.88492,0.0053939,0.16751,0.17135,-0.15304,-0.0653,-0.050429
-0.46677,-0.68442,0.0076141,-0.16549,-0.23982,0.23675,0.30538,0.28184
-0.90984,-0.14306,-0.38276,-0.037858,0.024094,-0.00028693,-0.048605,0.028927
0.45802,0.82798,-0.29092,0.0729,-0.083853,-0.061047,-0.052369,-0.034707
-0.80236,0.30446,-0.19386,-0.082727,0.13609,0.15563,-0.39148,0.152
0.23673,-0.91483,-0.046735,0.25052,-0.045431,-0.14124,-0.029618,-0.13859
-0.0011191,-0.7731,0.0020019,0.61045,0.062187,0.15549,0.018691,0.035645
-0.99583,0.026594,0.0096499,-0.061727,-0.015251,0.012452,0.037609,0.043674
-0.68398,0.39713,-0.41955,-0.14802,0.38716,-0.098879,0.12899,0.014755
-0.92719,0.23218,-0.20095,-0.059594,-0.064455,0.055271,-0.1741,0.070432
0.85673,0.45696,-0.14824,-0.045181,0.038491,0.082377,-0.0030291,0.15779
0.68854,0.24362,0.62835,-0.10651,0.20211,-0.056258,0.079896,-0.099977
0.051031,0.11111,-0.98307,-0.079959,-0.087702,-0.058292,0.032712,0.0080152
-0.17413,0.91809,0.034727,0.30057,-0.13734,0.05143,-0.051728,-0.10517
-0.048136,-0.63362,-0.082083,0.75766,0.034747,0.051035,0.028371,0.10398
0.55234,-0.031628,-0.80363,0.025852,0.12579,-0.044729,-0.044729,0.16617
0.74348,-0.10718,-0.6391,-0.059221,0.11411,-0.0053719,-0.10353,-0.003401
0.03802,-0.93248,0.22184,-0.22108,0.10802,-0.08473,-0.07577,-0.079726
-0.16976,-0.62616,0.061337,-0.74768,-0.09276,0.068912,0.041165,0.035677
-0.28674,0.88693,-0.24934,-0.23149,0.096408,-0.027238,0.0039652,-0.073022
0.30384,0.86718,-0.061612,-0.27751,0.19749,0.053016,-0.16605,0.074079
-0.52375,0.78656,-0.11587,-0.13437,0.21131,0.12239,-0.066828,0.10693
-0.42701,0.73424,0.099966,0.053635,-0.36759,0.30735,-0.18159,-0.055859
-0.79708,-0.26683,0.39494,0.10502,0.27422,-0.05655,0.16297,-0.14663
-0.060366,-0.91566,0.1244,-0.21324,-0.17275,-0.16373,0.17382,0.10056
0.81624,0.12577,0.53733,-0.050675,-0.096223,0.024895,-0.12002,0.04854
-0.89173,0.12746,-0.36899,0.021246,-0.005342,0.015857,-0.19439,0.11787
-0.50851,-0.17073,-0.82031,-0.093809,-0.017766,-0.07371,0.14055,0.071133
0.87812,0.41571,0.027266,0.11538,-0.00057311,-0.20426,-0.016425,0.0071288
-0.89815,0.08091,-0.3479,0.17957,-0.0024629,0.17229,-0.061188,0.0083464
0.36845,-0.91264,-0.013036,-0.12931,0.11544,0.0011343,0.0081387,-0.032444
0.77215,-0.16417,0.52919,-0.15769,-0.095224,-0.21107,-0.034192,-0.13088
0.81867,-0.53617,-0.048867,0.13222,0.090055,0.005112,-0.060961,0.10283
-0.94444,-0.1075,-0.19986,0.21503,0.01958,0.041921,0.067952,0.059482
-0.9303,-0.10087,0.043288,-0.25106,-0.083554,0.14417,0.17618,-0.025605
-0.80649,-0.14905,-0.53828,0.02965,-0.17572,-0.00072145,-0.070216,0.030327
-0.20386,0.96806,0.016743,0.069691,-0.037393,0.1181,-0.027332,-0.0085574
-0.041499,-0.88727,-0.0099815,0.45705,0.030599,-0.008925,-0.019588,0.025206
-0.7376,-0.18511,-0.51917,-0.070828,-0.30525,-0.058009,-0.22414,0.0186
-0.97384,-0.023238,0.18839,-0.031669,0.06298,0.041624,-0.08854,0.032582
-0.049866,0.81089,-0.14972,0.55392,-0.025992,0.077374,0.0037863,0.063724
-0.92831,-0.20805,-0.025154,-0.11235,-0.21904,0.11165,-0.14563,-0.0072803
0.16056,0.80082,-0.065774,0.51779,-0.21227,-0.064218,-0.10439,0.019585
-0.1672,-0.81718,-0.05551,-0.53032,-0.0047128,0.11124,0.080158,0.033485
0.010839,-0.35237,0.0027083,-0.91636,0.087785,-0.099876,0.12346,0.055499
0.40418,0.89575,-0.13461,-0.098984,0.021371,-0.0043561,-0.016409,0.07487
0.25602,-0.91838,-0.001068,-0.22743,0.16111,-0.09441,-0.023159,0.062454
-0.10121,-0.94544,-0.025357,0.27544,-0.03133,-0.012097,0.11722,0.067297
-0.89978,0.39309,0.09949,-0.0054063,-0.033271,0.081593,-0.12177,-0.057954
-0.8249,0.010141,-0.45837,-0.091334,0.26583,-0.044849,-0.071725,-0.15219
-0.62014,-0.63709,-0.050884,-0.10174,-0.37883,0.066531,0.11448,0.18854
-0.87348,-0.25092,-0.36477,-0.069826,-0.10042,0.048159,0.14377,0.055412
0.60169,-0.36389,0.29944,-0.047269,-0.61023,0.044225,-0.19825,-0.00062803
0.92417,-0.12194,0.34502,-0.027538,-0.073166,-0.046713,0.057354,-0.020576
0.89192,0.043809,-0.41744,-0.01848,-0.038219,-0.020041,-0.15722,0.037093
-0.56274,-0.63556,-0.10976,-0.17661,-0.4518,0.070535,0.12724,0.10425
0.53979,-0.68001,-0.054095,0.052322,-0.32015,-0.34595,0.092902,-0.098678
-0.76535,-0.49935,-0.22164,-0.17004,-0.20072,0.095809,0.19037,-0.033814
-0.87064,0.29621,0.089918,0.051275,0.09302,0.15665,-0.3188,0.093252
-0.074913,0.9879,-0.074913,0.038171,-0.064033,0.055039,-0.052283,0.038918
-0.90645,-0.24526,0.29195,0.081741,-0.028351,0.12537,0.018713,0.09697
0.053542,-0.47572,0.027816,0.81008,0.33272,0.044668,0.028363,-0.01772
-0.51457,-0.40577,0.36738,0.040985,0.57535,0.046116,-0.26161,-0.1798
0.25389,0.91269,0.078358,0.27006,-0.074044,0.019282,0.12797,-0.035015
0.17441,0.90266,0.00065292,0.33091,0.19438,0.047639,0.039111,-0.060897
-0.50582,-0.73986,-0.093586,-0.236,-0.045497,0.29197,0.17295,0.12277
-0.93159,0.18165,0.082121,-0.044016,0.1798,-0.063215,-0.22459,0.060869
0.54989,-0.81452,-0.063468,-0.094151,0.098799,0.099173,0.018919,0.036618
0.94484,-0.0080721,-0.20376,-0.0044357,0.1206,-0.16901,0.12092,0.08914
0.032043,-0.91327,0.045604,0.39179,0.055501,0.045316,-0.046064,0.045604
-0.004092,0.95481,0.014982,-0.11503,-0.10919,-0.0057869,0.046904,0.24639
0.80103,-0.16486,0.33715,-0.0064685,-0.31918,-0.0901,0.31796,0.079845
0.02282,0.9984,-0.0098328,0.038402,-0.016774,-0.023456,0.013696,-0.0093881
-0.2048,-0.88905,-0.05682,0.34003,0.14122,0.16732,0.022817,0.018549
-0.95023,-0.076276,-0.045913,0.02125,-0.09006,-0.0042843,0.20289,-0.19849
-0.95698,0.10585,-0.017151,-0.060491,0.15549,0.040054,-0.14569,0.14838
0.63833,0.52076,0.22718,0.019908,0.46897,0.055775,0.18264,0.11375
-0.95529,-0.14991,0.015972,0.02551,-0.10095,-0.18931,0.093396,0.096344
-0.84113,0.33201,0.0018244,0.10964,0.08777,0.2167,-0.33469,0.059667
-0.0045345,-0.91175,-0.045568,-0.067073,0.012955,0.38107,0.10184,-0.079784
-0.95441,-0.22059,-0.11483,-0.10127,0.02541,0.11676,-0.019175,-0.048539
0.90903,0.16908,-0.28693,0.054376,-0.21492,0.023642,-0.10087,-0.053476
0.51462,0.74253,-0.049808,0.12267,-0.1372,-0.33944,-0.17915,0.012036
0.85976,-0.02067,0.50812,0.022745,-0.0060939,-0.017535,0.014043,0.033673
-0.53726,0.54488,-0.060775,0.11977,-0.53807,0.073242,-0.27396,-0.1627
0.502,-0.70863,-0.031573,-0.15102,0.42479,-0.19855,0.040993,0.022265
0.8452,0.27158,0.32026,-0.1029,0.23908,-0.11177,0.12158,-0.1196
0.0032587,-0.82384,0.084414,-0.49713,0.20166,-0.11213,0.10205,0.057902
-0.72923,0.45758,0.23178,-0.029058,-0.29333,0.17022,-0.12518,-0.27127
0.26916,0.87559,-0.01052,-0.24173,-0.13231,-0.2802,-0.027991,0.074469
-0.82293,0.090564,-0.44301,-0.22597,0.22269,-0.050918,-0.1034,0.066216
0.15865,0.89494,0.1325,-0.1425,-0.31414,-0.10226,0.022787,0.16246
-0.974,0.03055,-0.081465,0.049847,-0.088716,0.061322,0.1309,0.11186
-0.34977,0.70791,-0.060872,0.29585,-0.47571,-0.17597,-0.16575,0.023579
-0.91282,0.27788,-0.087544,0.03354,-0.011096,0.12358,-0.25415,0.027595
-0.9016,-0.28726,0.19307,0.075988,0.12363,0.14435,0.15674,0.02937
-0.90609,-0.20555,-0.10702,-0.21235,-0.21302,0.04853,-0.057101,0.17092
-0.12962,0.96665,-0.039806,0.1484,0.11773,0.078239,-0.071025,0.011913
-0.068015,-0.66521,0.050783,0.66158,0.31604,-0.096187,0.046242,-0.036329
0.90667,0.37755,-0.044375,0.0033857,-0.13625,-0.12135,-0.0062728,-0.009504
0.89088,0.36917,0.054403,0.029595,0.14612,-0.076101,-0.12792,-0.1507
-0.14984,0.88312,-0.17174,0.3032,-0.11588,0.13998,-0.16172,0.13054
-0.70358,0.42714,0.23609,0.0028489,-0.47554,0.14714,0.038946,-0.1322
-0.67203,0.050512,-0.72879,-0.0071394,0.12008,-0.0097136,-0.0084497,-0.0079883
-0.31895,0.91626,0.030745,-0.0060538,-0.22864,-0.042455,-0.060046,0.0080914
0.78152,0.53204,0.0019796,0.066346,0.27292,0.0070963,-0.077062,-0.14584
-0.79613,0.2433,0.29988,0.061549,-0.37287,0.15173,0.22519,-0.02252
-0.083203,0.67904,0.017132,0.68002,-0.086749,-0.11767,-0.11767,-0.18452
0.082499,-0.88375,0.091964,0.4114,0.14289,0.11667,-0.013607,0.015754
0.75676,0.082821,-0.53788,-0.12044,-0.31798,-0.021303,-0.10311,-0.06666
-0.80701,-0.43591,0.1888,0.033264,0.089176,-0.014346,0.2905,-0.17154
-0.73829,0.61288,-0.062505,0.093497,-0.16455,0.091174,-0.14536,-0.1007
-0.20816,-0.95104,0.056055,0.069137,-0.15457,0.083121,0.044689,-0.10714
0.071568,-0.72765,0.039221,-0.66668,0.069543,-0.032079,0.10253,-0.05503
0.85367,-0.4873,-0.017636,0.047736,0.096283,-0.061018,-0.029285,-0.13174
0.9346,0.037479,0.34941,0.00034853,-0.012593,-0.043214,0.023635,0.021115
-0.7705,0.21168,-0.50226,-0.0038534,0.29796,0.021401,0.13111,0.053106
0.83588,0.32389,0.30679,-0.039164,0.080799,-0.18233,-0.24559,0.025715
-0.092765,0.94302,-0.11538,0.29067,0.051426,0.039117,0.010004,0.005043
-0.9342,-0.082074,0.082297,-0.12698,0.16142,0.11366,0.2421,0.0075992
-0.8363,0.40507,-0.35963,0.019165,0.030533,-0.0078803,-0.066272,0.03792
-0.049187,0.89918,-0.1307,0.32784,-0.10976,0.2161,0.025661,0.071293
-0.079203,0.85947,0.078201,0.42459,-0.2549,-0.030221,0.004025,-0.052301
0.54949,0.62642,0.034252,0.034252,0.52559,-0.080773,0.02802,-0.14058
0.68987,0.51707,0.14479,0.063118,0.47251,-0.051047,-0.052537,-0.055937
0.88533,-0.40301,-0.16641,-0.0205,0.073066,-0.11258,0.079656,0.036112
-0.96931,-0.14785,-0.031027,-0.11733,-0.041941,-0.022416,0.015564,-0.14611
-0.34678,-0.73465,-0.03073,-0.034147,0.021492,0.5425,0.20454,0.036255
0.27979,0.84515,0.008787,0.3793,0.24735,-0.01063,-0.016602,-0.043862
-0.89255,0.2226,0.13104,0.16742,-0.21807,-0.021143,-0.24353,0.035864
0.73712,0.31976,0.45918,-0.059275,0.15579,-0.16788,-0.28732,-0.07105
-0.23198,0.78014,-0.023618,-0.57213,-0.086325,-0.025051,-0.038739,0.0097778
0.99835,-0.045196,-0.018433,-0.012454,0.024918,-0.0096837,0.0067743,0.0030072
0.081151,-0.0076492,-0.99128,-0.0062547,0,-0.07982,0.021635,0.061956
0.38895,-0.72704,-0.093109,0.46576,-0.30403,0.00012164,0.035544,-0.028919
0.80098,0.40418,0.11734,-0.037149,0.14122,-0.18111,-0.3333,-0.12684
0.76927,-0.44936,-0.050518,-0.023274,0.059171,-0.26269,0.36144,-0.0070709
0,-0.96479,0.075106,0.013731,0,0,0.040343,0.24844
0.9549,-0.19736,0.10485,-0.069444,0.07448,0.10554,-0.12324,-0.03912
0.21926,0.94774,-0.0043327,0.19514,0.016674,-0.096306,-0.024391,0.073967
-0.022674,0.96949,-0.022674,-0.15946,-0.033245,0.14557,-0.027145,0.10293
0.98018,-0.083714,0.093957,-0.044553,0.0010387,0.049182,0.13711,-0.014273
0.014522,-0.63036,-0.0061551,0.77291,0,-0.041075,0.029242,-0.049721
-0.41936,-0.59637,0.11561,0.40896,0.51698,-0.080195,0.084325,-0.083979
-0.45546,-0.86588,-0.12596,-0.060856,-0.073267,0.12916,-0.013278,-0.031899
0.96782,0.072555,-0.18581,-0.10073,-0.074886,-0.0015156,-0.086873,-0.015146
-0.37343,-0.90162,-0.0058319,-0.01254,-0.15653,0.13809,0.029227,-0.054843
0.22373,-0.94891,-0.030847,0.060037,-0.11554,-0.17141,-0.0084227,-0.046563
0.10547,-0.38606,-0.10774,-0.89042,0.13687,-0.12418,-0.033163,-0.011001
-0.72801,0.63454,-0.025468,-0.13464,0.070434,0.0063015,-0.17942,-0.10676
-0.48086,-0.81334,0.075372,0.081387,0.27063,0.060101,0.097686,0.092506
-0.79623,-0.087395,-0.56773,-0.03467,-0.1152,0.038303,0.11117,0.088094
-0.06289,-0.72193,-0.014203,-0.68387,-0.023433,-0.035277,-0.071052,-0.012182
0.054923,-0.74928,-0.063049,0.64537,-0.041649,0.077673,-0.057786,-0.063049
-0.13988,-0.82454,-0.045201,-0.50331,-0.090855,0.17308,-0.06907,0.047114
0.25649,0.93177,-0.11311,0.045804,-0.14674,0.028983,-0.041417,0.16445
0.56078,0.70242,-0.11012,-0.018934,0.083907,-0.38898,-0.14522,0.014784
0.85306,0.31555,0.043701,-0.10885,0.26844,-0.14875,-0.23495,-0.097856
-0.78181,-0.16664,-0.59681,0.017592,0.0091433,-0.024982,-0.023888,0.056855
0.28711,0.90423,0.11086,0.28233,0.034733,0.030182,0.072769,0.022638
0.92912,0.15576,0.10596,-0.073606,0.28244,-0.046238,0.016631,-0.11681
-0.92151,-0.29174,-0.16132,-0.034737,0.023695,0.070237,0.17415,0.051422
0.017459,-0.97392,0.086794,0.025746,-0.12688,-0.11276,0.1186,-0.010397
0.2816,0.80454,-0.20553,-0.40419,0.07889,-0.21321,-0.092573,0.086935
0.039123,-0.63778,0.11056,-0.7263,0.11788,0.14773,0.12532,0.02326
0.29525,-0.90808,-0.029818,-0.16024,-0.22366,0.040004,0.0058096,-0.09996
-0.18272,-0.84275,0.0043467,-0.43457,-0.14784,0.15467,0.066205,0.13175
0.76341,-0.44929,0.19927,0.024693,-0.40063,-0.092092,0.038698,-0.067441
-0.91321,0.13822,-0.0058424,-0.23896,-0.16461,0.15679,-0.096799,0.16956
-0.0023814,-0.94937,0.065513,-0.27134,-0.05704,-0.0033678,0.046573,-0.12388
-0.0059997,0.91459,0.18436,0.25653,0.078925,-0.0084848,-0.23881,0.019161
-0.90037,-0.22893,0.20026,-0.039634,0.1194,-0.0196,0.27018,-0.087217
-0.85575,-0.014367,-0.47345,0.1485,-0.10994,0.086965,-0.020317,0.034801
0.2045,-0.79101,0.035395,-0.53538,0.11609,-0.1312,0.10895,0.045171
0.17392,-0.74209,-0.060457,0.62641,0.1278,-0.063925,-0.0062524,-0.050518
-0.88123,-0.28204,-0.35775,-0.05419,0.01882,-0.015154,0.10089,-0.046977
-0.63254,0.088759,-0.7357,0.080735,0.082992,0.16895,-0.04776,0.080732
0.80769,-0.24254,0.48427,-0.030431,0.19241,-0.035614,0.10695,0.060219
0.91229,-0.24183,-0.24009,0.061906,0.1607,0.0085894,0.14299,-0.037807
0.6509,-0.47043,0.26533,0.11058,-0.51621,-0.00096339,-0.071574,0.028188
0.20058,-0.90629,0.16284,0.12905,-0.18243,-0.22397,-0.09131,-0.058789
0.11113,0.96109,-0.10771,0.11262,-0.18302,0.065713,0.00029623,-0.04304
-0.90426,0.24815,-0.22387,-0.046157,0.1473,0.15665,-0.14006,-0.051402
0.53745,0.74955,0.12321,0.076933,-0.019612,-0.15563,-0.30136,0.11311
0.56718,-0.36076,-0.4201,0.026415,0.49869,0.0084836,-0.34803,0.033014
0.88484,0.41187,-0.16811,-0.044382,0.031347,-0.12228,0.030531,-0.017946
0.62583,0.58947,0.11611,0.22519,0.43225,-0.041963,0.060871,-0.066078
0.67273,0.67872,0.043804,-0.05956,0.09252,-0.092314,-0.23001,-0.10638
-0.89769,-0.056024,-0.42556,-0.027095,-0.082943,0.01718,-0.044706,-0.0026832
0.77691,0.033974,0.61263,0.01488,0.058844,-0.11714,0.048046,0.01488
-0.057022,-0.75346,0.057022,0.59267,0.07371,0.26043,0.03305,0.013626
-0.755,-0.016414,-0.64991,0.028328,0.018285,0.0045984,-0.07778,-0.010256
-0.82356,-0.011944,-0.55593,0.064277,0.020687,0.085847,-0.016891,-0.018108
-0.84322,-0.39692,-0.30472,-0.13638,0.0060472,0.046006,0.12221,0.053791
0.0082559,0.9733,0.011879,-0.22148,0.053966,0.011676,-0.015588,0.011879
0.93368,0.10487,-0.079449,-0.20465,0.21534,-0.049668,0.002046,0.14215
0.1365,0.93192,0.054233,0.27903,-0.16134,0.00911,-0.015384,-0.07583
-0.15129,-0.90019,-0.073456,0.34297,0.19809,-0.05732,-0.028583,-0.020214
0.15258,0.81289,-0.045977,0.53389,0.056519,0.089739,0.11351,-0.068127
-0.45665,0.6459,-0.14661,0.21995,-0.52355,0.056081,-0.1523,-0.063023
-0.67989,0.69414,0.0056592,-0.044458,0.19069,-0.018292,-0.13112,0.0052241
-0.49394,0.71186,-0.062694,-0.27495,0.29751,0.13587,-0.17366,0.18059
-0.010408,-0.97224,0.020301,-0.22136,0.068257,0.0065533,-0.022407,0.0052587
-0.90468,0.077483,0.27008,0.10316,-0.29657,0.049596,0.01521,0.036429
-0.35356,-0.87236,0.090113,0.098048,0.085088,0.23318,0.049232,-0.17951
-0.32239,0.6826,-0.073322,-0.40471,0.44185,-0.24954,0.016105,0.056553
-0.64341,-0.21251,0.55626,-0.025962,0.44356,0.09834,-0.11567,0.10476
-0.64877,0.67539,-0.027075,-0.075465,0.079926,0.26749,0.026685,0.19461
0.21757,0.72574,-0.043095,-0.53454,-0.33971,0.14638,-0.014723,0.036308
-0.74922,0.46492,-0.032722,-0.079882,-0.32923,0.15405,-0.23025,-0.17299
-0.72236,0.49089,-0.0020428,-0.12271,0.26723,0.22821,-0.30255,0.084489
-0.090407,0.32655,-0.034696,-0.9323,-0.10256,0.040298,0.003504,0.051501
0.088794,0.9284,-0.063153,0.18787,-0.17833,-0.23728,-0.051693,0.011786
-0.71152,-0.53515,-0.26575,-0.082747,-0.31822,-0.14941,-0.062012,0.049486
0.81196,-0.46295,-0.23202,-0.022918,-0.12294,-0.20636,0.06281,0.10197
0.75709,-0.3766,-0.33068,0.05336,0.31754,-0.14618,0.023643,0.22366
0.097175,-0.78443,-0.017944,0.54101,0.2552,0.00064957,0.12323,-0.043699
-0.10429,-0.86414,0.0019743,0.48895,-0.045634,-0.029222,0.019104,0.00074596
0.93207,0.16625,0.30753,-0.0035313,-0.086657,-0.0074041,-0.018941,-0.033261
-0.22511,-0.91678,-0.18032,-0.21333,-0.02061,0.045748,-0.1495,0.077137
-0.67246,0.72333,0.0091624,0.043189,-0.12838,-0.011969,-0.076479,-0.01273
-0.89787,-0.2324,-0.18822,0.055004,-0.020353,0.13835,0.28224,-0.046507
0.1169,0.87421,-0.063414,0.46108,0.032129,-0.021093,-0.059465,-0.02157
0.149,-0.95211,0.0035929,0.17643,-0.14281,-0.071627,0.057184,0.10657
0.73338,0.40892,0.32772,-0.055194,0.39531,-0.029439,0.15805,-0.048723
-0.23971,0.79023,0.01679,-0.40942,0.28791,0.088577,-0.22804,0.086207
0.74362,-0.62774,-0.092959,-0.0068885,0.028056,-0.085715,0.12786,-0.14072
-0.53949,-0.3326,0.46088,0.17073,0.53534,-0.11892,-0.23667,0.0054786
0.6475,-0.063812,-0.74304,-0.009363,0.13954,-0.055015,-0.023394,0.037907
0.70441,-0.42324,0.32019,0.01199,-0.40017,-0.021474,-0.23425,-0.080936
0.43151,0.86054,0.083455,0.045856,0.069558,-0.12913,-0.18972,0.081869
-0.68988,0.64248,-0.076074,0.014735,-0.1799,0.083439,-0.2361,0.10106
0.97694,-0.18426,-0.053448,-0.0078726,0.075082,-0.036523,-0.010758,-0.040283
-0.35829,-0.91177,-0.0025163,-0.0034658,-0.19273,0.051392,0.014808,0.016682
0.86968,0.39028,-0.0056242,-0.14579,-0.23301,0.074808,-0.090687,-0.043972
0.38611,0.77825,0.035861,0.37075,0.3072,0.10678,0.021598,0.016182
0.81428,-0.023084,-0.579,0.01357,0.019464,-0.015892,0.017613,0.0065719
0.90787,0.16447,0.14485,0.29573,0.174,0.043587,-0.038989,-0.081173
-0.032783,-0.86107,-0.069087,0.44271,0.14493,-0.046362,0.16968,-0.069087
-0.094682,-0.98569,-0.0039578,-0.05348,0.069817,0.096785,0.048332,0.0012768
0.39553,0.48784,0.29284,0.23205,0.5814,0.10672,0.32325,0.10982
0.4325,-0.84085,-0.02494,-0.13314,0.16636,-0.21833,0.10711,-0.027368
0.29222,-0.8178,-0.071899,-0.41355,0.25802,-0.034723,-0.02382,0.035629
0.14915,-0.66674,-0.025952,-0.66858,0.22171,-0.17854,0.033521,0.058106
0.82001,-0.5297,0.060195,-0.18329,-0.069575,0.02618,0.040044,0.051553
-0.72597,0.59952,-0.065531,-0.12134,0.010974,0.20635,-0.11788,0.19474
-0.81585,-0.47436,0.11139,0.12719,0.019233,0.060639,0.2359,0.14525
-0.089248,-0.95529,-0.00087603,0.13086,0.030612,0.17745,0.11112,-0.13252
0.96048,0.049367,-0.13988,0.055013,-0.17457,-0.11078,-0.097606,-0.012946
-0.74844,-0.40407,0.46941,0.023981,0.20864,0.086772,-0.056161,0.037752
0.60366,-0.46603,0.26439,0.11637,-0.51158,-0.17059,0.10752,-0.18053
-0.80118,-0.43924,-0.27981,0.038972,-0.27796,0.060276,0.065971,0.010816
0.74162,-0.65011,-0.047574,-0.10787,0.0042674,-0.074435,-0.0039397,0.088829
-0.88773,-0.18198,-0.13519,-0.192,0.17204,0.22694,-0.10227,0.17923
0.2916,0.82613,-0.031596,-0.26035,-0.37395,-0.14376,-0.054872,0.013422
0.73743,0.54786,-0.18487,-0.15678,-0.2484,-0.0016879,-0.070698,0.17488
-0.17882,-0.92101,-0.091578,0.1455,0.034942,0.29453,-0.039659,0.025666
-0.0017702,-0.95092,-0.077611,0.18161,0.098664,-0.17441,-0.10338,0.076807
0.8501,-0.42707,-0.16772,-0.10476,0.049508,-0.12717,0.15545,0.11425
-0.40166,-0.76397,-0.11234,0.28669,0.26565,0.2412,0.17564,0.024742
0.70071,-0.48232,0.18911,0.068256,-0.39594,-0.07515,0.21308,-0.16774
0.44893,-0.7237,0.10349,-0.017619,0.12386,-0.41466,0.19734,0.19359
0.66408,-0.60135,0.038687,0.0022931,-0.29781,-0.20642,0.24367,0.07211
0.56212,0.17318,0.80341,-0.032818,-0.038571,-0.010739,-0.073676,-0.02122
-0.62316,-0.71813,-0.21777,-0.054375,0.17247,0.10725,0.022804,0.06182
0.64525,-0.71205,0.10111,0.10111,-0.12644,-0.18049,0.086022,-0.014933
0.53965,-0.78024,-0.027999,-0.040568,-0.12581,-0.13296,0.25097,-0.032832
-0.71111,0.26192,-0.60845,-0.026292,0.11787,-0.026225,-0.18209,0.084123
0,0.87289,-0.11414,0.47329,0,0,-0.014417,-0.028489
0.85049,0.32601,-0.15584,-0.15551,-0.29062,-0.17595,-0.075891,0.027174
-0.34215,0.90283,-0.15629,-0.067567,0.03861,0.13866,-0.12314,0.054424
0.067615,0.88927,-0.14004,-0.38346,-0.11711,0.095622,0.095622,0.077238
0.91553,-0.010115,-0.3728,-0.095201,0.071611,-0.028791,-0.063907,-0.060127
-0.87658,-0.38199,0.17833,-0.11994,-0.061996,0.18206,-0.021131,-0.04547
-0.13231,0.90802,0.034202,0.30245,0.0039819,0.2351,-0.093026,0.037445
0.74063,0.26535,0.2955,0.05108,0.48754,0.070608,0.096685,-0.19775
0.64408,-0.5843,0.0082761,-0.028441,-0.42118,-0.15433,0.18695,-0.081959
0.41823,0.67389,-0.13715,0.44861,0.34278,-0.11047,-0.1011,-0.10479
0,-0.92015,0,0.39155,0,0,0,0
-0.12018,-0.70209,0.059624,-0.67903,-0.15891,-0.0019605,0.028949,0.043533
-0.58243,-0.64453,0.063783,0.0077474,-0.1734,0.23879,0.34604,0.18544
0.61236,-0.65138,0.34133,0.10422,-0.23611,-0.131,0.020712,-0.0034623
0.35511,-0.8271,-0.070213,-0.30534,0.16681,-0.19001,0.12231,0.11294
0.74422,0.32675,-0.33326,-0.024866,-0.33677,-0.21923,-0.23741,0.099268
-0.93019,-0.076228,0.15344,0.19438,0.23047,0.06343,0.099966,-0.021706
0.28642,0.86762,-0.033109,0.3078,0.2324,-0.0066289,-0.12113,-0.025104
0.84498,0.27275,0.40974,-0.0006097,0.19108,-0.061256,-0.0018895,-0.058923
0.70101,-0.28043,-0.43268,-0.10813,0.45386,-0.11743,0.092001,-0.052946
-0.94485,-0.075126,-0.27171,-0.0050842,-0.054126,-0.024572,0.13676,0.074364
-0.44183,-0.46856,0.35781,0.28737,0.43434,-0.22372,-0.36115,0.074176
-0.68098,0.077256,0.63955,-0.053916,-0.24087,0.10142,0.19302,-0.11314
-0.70855,-0.21346,0.52063,0.064838,0.38794,-0.10657,-0.050988,-0.11257
0.26627,-0.82674,0.087409,0.41696,-0.079992,-0.2093,-0.11726,-0.012185
0.070951,0.0011816,-0.97838,-0.024852,-0.061479,0.10034,0.001671,0.15253
-0.19608,-0.62351,0.01617,0.58671,0.33963,-0.27731,0.18175,-0.054928
-0.85717,0.35717,0.15022,0.14083,0.14142,0.17812,-0.20173,-0.053569
-0.67323,-0.3476,-0.4048,-0.14674,-0.4361,-0.084116,-0.18679,0.091602
0.95073,-0.18886,0.088743,-0.005768,0.084761,-0.14157,-0.085173,-0.1344
-0.19337,-0.94116,-0.15135,0.090886,0.1817,0.10187,-0.013401,0.045768
0.61324,0.35731,-0.45414,-0.10881,-0.48109,0.041373,0.1678,0.12985
0.93624,0.012061,0.15289,-0.14437,0.21989,0.0075719,-0.17495,-0.0086
-0.95726,0.088751,0.10201,0.050508,-0.068167,0.22106,0.06096,-0.074714
-0.91949,0.13223,-0.27785,0.10455,0.011012,0.060083,-0.21215,0.013732
0.66124,0.34548,0.19474,0.061017,0.60935,0.072568,0.15612,0.028533
0.55728,-0.68294,0.074933,0.25669,-0.37602,0.098573,-0.01925,-0.0064885
-0.88159,0.31672,-0.23166,0.070075,0.23231,0.041658,0.035754,0.083268
-0.92373,-0.11091,-0.18203,-0.065175,-0.13909,0.19606,-0.027,0.19627
-0.28223,-0.88915,0.0093546,0.11224,-0.30265,0.13703,0.061139,0.054339
-0.51293,0.60498,-0.26167,-0.32053,0.43289,-0.1081,0.015026,-0.019851
-0.02166,-0.90392,-0.056983,-0.26755,-0.32162,-0.030631,-0.0021708,-0.056983
0.31623,-0.89039,0.049112,0.069754,-0.044762,-0.23474,0.18279,-0.097039
-0.89823,-0.11187,0.32956,-0.20784,0.045828,0.15503,0.0086907,-0.051431
0.58044,0.58208,0.047174,0.0080154,0.15156,-0.26607,-0.4077,-0.249
-0.73379,-0.62629,-0.1326,-0.1326,-0.080776,-0.00032538,0.1517,-0.067983
-0.45257,-0.82274,0.046465,-0.077271,-0.12228,0.25761,0.15314,-0.073275
-0.88819,-0.21924,-0.37002,0.086436,0.023293,-0.045813,0.093581,-0.08527
0.87062,-0.13261,0.42324,0.058077,-0.089636,-0.064516,0.15551,0.074507
0.3618,-0.84312,0.025906,0.24974,-0.21566,0.016636,0.017799,-0.21932
-0.90888,-0.17009,0.16398,-0.056726,0.27997,0.092589,0.16382,-0.033336
0.2507,-0.9073,-0.28294,-0.027694,-0.15235,-0.04256,0.044763,0.078092
0.13783,-0.88539,0.16975,-0.3381,-0.22614,-0.0039647,-0.030166,-0.043503
0.70604,-0.60481,-0.069326,-0.096427,-0.30351,-0.13883,0.099295,-0.01898
0.36535,0.87671,-0.26157,-0.01232,0.078705,-0.018917,-0.1505,-0.011244
0.15624,-0.91639,-0.021167,0.16344,-0.30159,-0.055741,0.092852,-0.077326
0.91617,0.16149,0.26251,-0.09228,0.16298,-0.13307,-0.057546,-0.097731
0.9435,0.24706,-0.099187,0.10253,-0.15026,0.047776,0.039726,-0.044449
-0.71118,0.54825,-0.39596,-0.07492,0.083216,0.13843,-0.029987,0.065208
-0.1887,-0.62902,0.082775,0.7213,0.094938,-0.07269,0.13273,-0.098432
0.23893,-0.75951,-0.093322,0.46063,-0.34161,0.10788,0.1289,0.014433
0.29701,-0.87283,0.029329,-0.096297,0.18264,-0.31902,0.063823,0.024632
0.88248,0.34482,0.1228,-0.078566,-0.11332,-0.0021364,-0.25192,-0.069101
-0.61336,0.29827,0.26739,0.24977,-0.51375,-0.22699,0.28244,0.075556
-0.059244,-0.90539,0.11607,-0.3586,-0.10557,-0.13525,0.056111,0.045817
0.46144,-0.77266,0.14749,0.043171,-0.22681,-0.30918,0.13516,0.03381
-0.87148,0.09799,0.40879,-0.075258,0.0047082,0.21467,-0.104,-0.034908
0.65482,-0.68726,-0.14486,-0.23852,0.13705,0.040201,-0.01418,-0.020415
0.13606,-0.89919,-0.11236,0.35703,-0.13208,-0.061309,0.10784,-0.0040473
0.59711,-0.73452,-0.032219,-0.1406,0.2592,-0.10742,0.066359,-0.00017331
0.36791,-0.8352,-0.10457,0.14208,-0.25771,-0.18378,0.097312,0.16221
0.22555,0.837,0.06123,-0.38225,-0.16075,-0.2442,-0.049338,0.10384
-0.68017,0.54675,-0.2146,-0.0068625,0.42677,0.075152,-0.037486,0.056045
0.0294,-0.40511,0.0425,0.89493,0.050923,0.041578,0.0085245,-0.1671
0.63114,-0.29736,-0.4484,-0.0086578,0.43993,0.073571,-0.32817,-0.073966
-0.80375,0.49708,0.24238,-0.031697,-0.071862,0.11811,-0.1642,-0.032733
-0.76831,-0.31785,0.25259,0.039123,0.46987,0.029768,-0.14627,0.016688
-0.58635,-0.49133,-0.23419,-0.23887,-0.52966,0.026539,-0.086689,0.11883
0.169,0.88292,0.0031975,-0.43352,-0.01917,-0.019397,-0.056573,-0.00066514
0.39592,-0.0974,-0.9091,0.0047541,0.064285,0.011277,0.053496,0.012198
0.78668,0.53891,-0.22119,0.0019566,-0.1441,-0.12133,0.074024,-0.028468
0.1052,-0.62859,0.16602,0.7329,-0.14241,0.051288,0.010208,-0.077979
0.11287,0.014536,-0.99164,0.026743,-0.025177,0.034911,0.020557,0.026743
-0.69665,0.57571,0.30509,0.067024,-0.067901,0.20067,-0.16969,-0.10951
-0.90022,0.22857,-0.23503,-0.20577,0.012109,0.089021,-0.17382,-0.038554
-0.21909,-0.62626,0.036298,0.73821,0.029254,-0.021665,0.10591,-0.03144
0.37709,-0.66098,0.10811,0.3648,-0.48557,0.12282,-0.086541,-0.1334
-0.014682,-0.79998,-0.00050009,-0.59774,-0.032006,-0.036871,0.0046619,0.01089
-0.87817,-0.28026,-0.28503,-0.15668,0.024867,0.087867,0.13408,0.13476
-0.81692,-0.29854,-0.20665,0.0051282,-0.38387,0.11102,0.12935,0.15612
0.7841,-0.22017,-0.56888,0.028457,0.02305,0.0064869,0.099975,0.041404
-0.92974,0.062702,0.28296,-0.13341,0.017419,0.17697,-0.00065912,0.046526
-0.37133,0.90454,-0.020647,0.00071749,0.018749,0.083692,-0.12997,0.13877
-0.89837,0.19498,-0.096647,-0.291,-0.22172,-0.0067657,-0.077079,0.075857
0.13831,0.95426,-0.22917,-0.11288,0.042392,-0.053506,0.016368,0.0084134
0.079513,-0.77469,-0.21472,-0.54927,0.18803,0.02869,-0.068476,0.069713
-0.38334,0.8166,-0.040815,0.25309,-0.21805,0.20526,-0.13713,-0.1096
0.34538,-0.91429,-0.045756,0.088065,-0.076935,-0.010542,0.16048,-0.056192
0.93296,-0.17531,0.18115,0.098777,-0.18182,0.019741,0.14199,0.051701
-0.13599,-0.60561,0.0010266,-0.7199,-0.30204,-0.069621,-0.0084953,-0.018579
-0.75262,0.0077724,0.59373,0.083957,0.080438,0.10862,0.010992,-0.23569
0.70055,0.2782,0.49907,-0.1628,0.31102,-0.19995,0.13877,0.017265
-0.91304,-0.23308,0.28513,0.011289,0.030117,0.1253,0.071204,-0.094485
-0.12036,0.6512,-0.10273,-0.71755,0.18788,-0.026164,-0.0055845,-0.00086828
0.00062298,0.94922,0.065158,0.23449,0.15999,-0.062318,-0.099145,-0.020699
0.87307,0.38045,0.15183,-0.021564,-0.088454,-0.24525,-0.032515,-0.021318
-0.81553,-0.20579,0.43717,0.13861,0.19719,0.094985,0.18452,0.016718
0.74522,-0.59959,0.014671,-0.1361,-0.091195,-0.15347,0.1462,-0.1147
-0.11002,0.82627,-0.086507,-0.44791,-0.30939,-0.00071576,-0.028677,0.023005
-0.93973,0.21848,-0.14545,0.082512,0.14441,-0.10213,0.093119,0.03545
-0.90391,-0.10446,-0.38964,0.049364,-0.12709,-0.021396,0.03399,-0.0036802
0.99248,0.067159,-0.043918,-0.071683,0.038278,-0.012035,0.013835,0.040035
0.0070528,-0.60998,0.036074,0.7808,-0.1255,0.0099741,-0.023688,-0.022582
0.038596,-0.8274,-0.0080282,-0.55377,0.076043,0.031413,-0.018859,0.0083557
0.29819,-0.79752,0.087991,0.46886,-0.16965,0.04377,0.10796,-0.071524
0.74755,-0.50613,0.097857,0.053793,-0.3566,0.05232,-0.19514,0.067496
-0.43659,0.82457,0.051718,-0.27064,0.10925,0.17132,-0.078511,0.078185
0.8734,0.04494,0.47509,0.00041817,0.046163,-0.019752,-0.05892,0.058729
-0.075335,-0.98498,-0.1078,0.01567,0.046209,-0.048768,0.010856,0.087452
-0.34391,-0.90635,-0.022813,0.062084,-0.16306,0.15989,0.039703,0.046462
0.91728,-0.25685,-0.15892,-0.059849,0.16747,0.088514,0.16195,0.04104
0.92396,0.062732,0.26572,0.0109,0.10865,-0.088716,0.088716,-0.20999
0.0049083,0.99694,0.059865,0.011773,0.041909,0.0069414,-0.020745,0.01159
-0.83327,0.38033,0.20214,0.081631,-0.2785,0.099106,-0.14283,-0.075472
0.56419,0.68703,-0.098933,-0.079377,-0.40417,-0.11359,-0.13033,0.018583
0.68657,-0.66098,0.093033,0.06496,-0.15038,-0.1205,0.1964,0.0562
0.636,0.47867,0.30116,0.093418,0.47041,-0.1075,-0.036202,-0.18111
-0.1046,-0.96534,-0.20073,0.026806,-0.044071,0.027698,0.099406,0.059844
-0.71244,0.52839,0.28824,0.21487,-0.27039,-0.011851,0.069276,-0.076947
0.066046,0.98056,0.0026708,-0.17348,-0.062793,0.0041797,0.0075024,0.0050303
0.97251,0.062261,0.15305,0.099064,0.033627,0.079503,-0.093734,-0.029477
0.0022346,-0.93922,-0.025744,-0.29518,0.029244,-0.077952,0.14876,0.031611
-0.048411,-0.72487,-0.03056,-0.66229,0.16451,-0.068464,-0.016641,0.025146
0.89885,0.15459,0.20505,-0.09956,0.013238,-0.034111,-0.33887,-0.0059455
-0.70421,0.21062,0.66785,-0.091527,-0.0026715,0.040795,0.050281,0.03373
-0.6073,0.45858,0.42622,-0.087747,-0.41317,0.1758,0.098292,-0.14231
-0.99515,0.0094379,0.049779,0.0064259,-0.01838,-0.039315,-0.071716,0.0068785
0.87067,0.4465,0.0040151,0.014215,-0.059035,0.036933,-0.18783,-0.04727
-0.97172,0.12061,-0.14904,0.013855,-0.053391,-0.062236,0.05825,0.093272
0.51371,0.75853,-0.042131,-0.021624,0.25222,-0.18844,-0.06286,-0.23538
-0.38649,0.61051,-0.09824,0.43559,-0.39569,-0.17552,-0.26262,-0.14889
0.94559,-0.10745,0.18506,0.013072,0.025316,-0.02067,0.24191,0.017705
-0.0023982,-0.74573,-0.1285,-0.63859,-0.13882,-0.0033915,-0.0033915,0.016556
-0.52245,-0.42287,0.30197,0.08747,0.57273,-0.091972,-0.33589,-0.0093449
0.011022,-0.80559,0.03815,-0.56822,0.14299,0.073427,0.026967,-0.0027487
0.65078,-0.68292,0.24532,-0.10181,-0.18556,-0.062082,0.021909,-0.028168
-0.67822,-0.047308,-0.67502,0.069374,-0.12509,0.10661,0.16142,0.15569
-0.91403,0.1802,0.23589,-0.14125,-0.16188,0.13218,-0.11315,0.0021086
