-0.96769,-0.069041,-0.2349,-0.042703,-0.018576,-0.01677,0.033258,0.0088301
-0.96889,0.18452,-0.14811,0.012959,-0.00081582,0.048812,-0.050887,0.011323
0.35061,-0.89261,0.1135,0.16795,-0.067811,-0.18137,0.041058,0.0070233
-0.87587,-0.0071757,-0.48152,0.011736,2.7756e-17,-0.016357,0.020296,0.011225
0.95405,0.10104,-0.12222,0.14446,0.14071,-0.051532,-0.093233,-0.11241
-0.23142,0.73056,-0.00030707,0.51934,-0.33629,-0.16919,-0.035591,0.0055574
-0.94449,0.055387,-0.29172,-0.055387,-0.067068,0.054761,0.07833,-0.055387
0.91623,-0.026573,-0.38393,-0.076473,0.060458,-0.038293,0.038133,0.00027634
0.97711,-0.15512,-0.089508,0.017394,0.077119,-0.050835,0.0059586,0.065664
0.9913,0.03527,0.025345,-0.031838,-0.041402,-0.012095,0.11145,0.011698
-0.6107,-0.69698,-0.21845,-0.12901,-0.15236,0.012749,0.017228,0.23072
-0.047378,-0.84062,-0.012342,0.52906,0.030342,0.059683,-0.024774,0.077238
0.98143,-0.026425,0.14093,0.0097649,5.5511e-17,0.051181,0.074742,0.089041
0.87019,0.34554,-0.086746,-0.10103,0.18894,-0.16758,-0.13093,-0.15722
0.92297,0.1126,0.3611,0.0023521,0.031512,0.02018,-0.048356,0.036107
0.11761,-0.95423,-0.1176,0.1269,-0.16918,0.081733,0.083032,0.059052
0.12838,0.87264,0.11208,0.43966,0.087827,0.031163,0.0052773,-0.086284
0.17392,-0.74209,-0.060457,0.62641,0.1278,-0.063925,-0.0062524,-0.050518
0.85248,-0.046908,0.51765,0.018327,-0.045714,-0.0075422,0.020701,-0.014228
-0.048448,0.97555,-0.0047845,-0.068587,-0.075935,0.12412,0.052635,0.13143
0.85264,-0.045753,-0.32033,0.0024047,0.40148,-0.0037416,-0.064704,-0.05397
0.96468,-0.067462,0.22326,-0.0095851,-0.0037119,0.07882,0.038276,0.084942
0.81452,-0.53247,-0.052487,-0.10314,-0.022578,-0.060018,-0.18393,0.04124
0.017574,0.82356,0.048984,-0.54719,-0.125,-0.01174,-0.057642,0.023108
-0.022776,0.98475,0.022776,0.16767,-0.018607,0.018844,0.015192,-0.013325
-0.96047,-0.15094,0.076292,0.049676,0.098002,0.017187,0.18688,-0.040037
-0.90844,0.3276,-0.20721,-0.041201,0.11238,0.088485,-0.011082,0.046833
0.050527,-0.70352,-0.04103,-0.68887,0.11291,0.091965,-0.058244,-0.041048
-0.86767,-0.18157,-0.32723,0.013549,-0.0051591,0.16741,0.24097,0.14423
0.90257,-0.37335,-0.0024101,-0.0029748,0.014637,-0.081655,0.1977,-0.0013916
0.899,0.11187,-0.37378,-0.0036736,-0.089889,-0.04481,-0.16239,0.055619
-0.24311,-0.90374,0.20923,0.0069425,0.21856,0.15226,-0.019165,0.094866
-0.89828,0.29413,-0.32194,0.0061678,-0.021338,-0.033308,-0.021014,-0.029862
-0.26542,-0.93924,-0.055931,-0.09409,-0.070917,0.13635,0.079738,0.073671
0.90164,-0.0257,-0.16767,-0.13356,0.30766,0.15309,-0.14605,-0.031797
0.0052534,0.77297,-0.0056232,-0.62751,-0.071931,0.046057,-0.017599,-0.032937
0.028665,0.96112,0.088021,0.24624,0.0074437,-0.062843,-0.053185,0.01492
-0.77176,-0.0071048,-0.62769,-0.028999,-0.012538,0.060022,0.050808,0.0562
0.78377,-0.073614,0.53081,0.11198,0.090861,-0.012315,-0.27831,-0.011196
-0.094358,0.84202,0.026384,-0.49657,0.17643,-0.012224,0.0044692,-0.05933
0.87747,-0.13545,0.41025,0.15309,0.00042738,-0.12226,-0.048293,0.051795
0.94547,-0.048326,0.25292,0.058194,0.17171,0.065664,0.045818,-0.02253
-0.89694,-0.26038,-0.212,-0.024472,0.011507,0.12964,-0.048157,-0.2508
0.030967,-0.96093,-0.065146,0.13755,0.12406,0.043794,0.16172,0.095012
-0.46724,-0.8452,0.024716,0.059899,-0.099644,0.22464,0.0090229,0.051409
-0.88462,-0.28131,0.33798,-0.032732,0.035682,0.049777,0.1385,-0.008616
-0.88033,0.20628,-0.29358,0.014254,-0.00064528,-0.032763,-0.12616,-0.28123
-0.20729,-0.82827,-0.073128,-0.50649,-0.046691,-0.05833,-0.053771,0.025453
0.71387,-0.090601,0.6674,-0.031661,0.091203,-0.14005,0.032859,0.082175
0.26577,0.81321,-0.030806,0.48575,0.15431,0.042965,-0.07207,0.017395
0.2094,-0.93923,0.083077,0.11523,-0.084467,-0.12856,0.1296,0.11562
0.071461,0.82243,-0.078205,-0.47336,0.23384,0.10106,-0.15054,0.027719
0.9121,0.31148,0.21693,-0.072091,0.081165,-0.094885,0.023686,0.051348
-0.88907,-0.19436,-0.35919,-0.002796,0.019739,0.041432,0.17938,-0.091997
-0.05166,-0.96173,0.031913,-0.083866,-0.032247,0.22511,-0.071143,0.087092
0.92962,-0.27233,-0.19488,0.0013496,-0.01161,-0.04385,-0.086343,0.119
0.16687,-0.82581,-0.086362,0.34043,-0.37055,-0.075572,-0.016684,-0.1534
0.007401,0.72903,-0.041262,0.66315,-0.15283,0.010467,0.034812,0.048014
-0.71577,-0.088136,-0.61685,-0.19659,-0.11145,-0.099173,0.19409,0.02879
-0.13611,-0.95669,-0.054816,-0.1624,0.12772,-0.088623,0.060522,0.0949
-0.93273,0.13311,0.058435,0.17158,0.12073,-0.014213,0.10068,0.2335
0.88584,-0.063595,-0.36214,0.088965,0.19586,-0.15992,-0.089937,0.012854
-0.77667,0.030013,-0.53381,0.12419,-0.093945,0.098173,-0.22355,0.16452
0.98085,0.11727,-0.11581,-0.043552,-0.035626,-0.01941,-0.045534,-0.071786
-0.84558,0.47742,-0.12428,-0.089785,0.059461,0.17223,-0.018995,0.0019937
-0.47168,-0.83273,0.031596,-0.19173,-0.15176,0.1424,0.053626,-0.011609
-0.15214,0.90914,0.019472,0.26828,-0.20899,-0.081613,-0.055492,-0.15666
0.75572,-0.33457,0.41147,-0.056494,-0.32143,-0.12286,-0.13935,-0.081396
0.98048,-0.13001,0.1071,-0.019608,-0.036004,-0.02101,-0.057329,0.069865
0.77104,-0.0091807,-0.62566,-0.045024,-0.034798,0.082444,0.048042,-0.040179
-0.91876,0.13873,-0.15738,0.089686,0.066216,0.025574,-0.23018,0.21403
0.89055,0.070328,0.20017,-0.048594,0.14829,-0.35153,-0.11064,-0.04172
-0.80439,0.0571,0.53137,0.056476,0.23701,0.0081893,-0.072301,-0.051749
-0.50165,0.78467,-0.065103,-0.18298,0.11751,0.17569,-0.178,0.1362
0.92643,0.15506,-0.058967,0.097225,0.15676,-0.23798,-0.1406,0.061384
0.68249,0.62733,0.10057,-0.050422,0.13706,-0.069302,-0.29798,-0.12502
0.77775,0.5449,0.068857,-0.013061,-0.1913,-0.13504,-0.18683,-0.059395
0.049287,-0.92517,0.22275,-0.22803,-0.074679,-0.072271,0.15724,-0.06705
-0.72135,0.028929,0.6635,-0.11704,0.050107,0.083693,0.040912,-0.11704
0.9159,0.25793,-0.050356,-0.071586,-0.27605,-0.091859,0.044388,-0.018246
0.76751,-0.46999,0.1169,0.017938,-0.1257,-0.12391,0.33591,-0.17905
0.85322,-0.34185,-0.026047,-0.026694,-0.12774,-0.058925,0.35825,-0.075055
-0.12788,-0.69692,0.07507,0.65357,0.24668,-0.038285,-0.024916,0.047159
0.31103,-0.84355,0.05065,-0.16687,-0.0049297,-0.19964,0.31155,0.15596
-0.73647,0.58972,-0.2439,0.012564,-0.023069,0.10454,-0.19214,0.042609
0.084103,-0.98644,-0.084103,-0.0096683,0.071728,0.052354,-0.058566,-0.03702
0.69898,-0.61244,-0.16666,0.054671,-0.095177,-0.23636,0.20149,-0.0074322
-0.80086,0.5315,0.081166,-0.00031235,0.068793,0.20297,-0.061927,0.14066
-0.97012,-0.058193,0.025006,0.093806,0.15177,0.101,0.11259,0.011568
-0.32683,-0.84039,0.074312,0.28964,0.12258,0.20791,0.19692,0.021895
-0.38726,0.83387,-0.14278,-0.19491,-0.11721,0.2207,-0.16553,0.080392
-0.17047,0.83942,-0.12704,0.35863,-0.24277,-0.1125,-0.049524,-0.21796
-0.95041,0.16379,-0.14892,-0.049258,-0.001325,-0.10202,-0.15721,0.10081
0.83911,-0.2823,-0.15428,0.082886,0.00099054,-0.23249,0.32817,0.15425
0.52861,-0.72165,-0.082063,-0.09157,0.11044,-0.28088,0.269,0.14566
-0.25855,0.91151,-0.20017,0.010846,-0.16837,0.15488,0.031983,-0.093577
0.24518,-0.88096,-0.0014168,0.28692,-0.081785,-0.03353,-0.024443,-0.2703
-0.79664,0.45894,-0.0065112,0.077769,0.1767,0.15326,-0.29406,0.086363
0.87715,0.27246,0.11755,-0.14987,-0.079458,-0.17357,-0.21274,0.19596
0.052757,0.77285,-0.021196,0.58975,0.22509,0.023268,-0.014964,0.015108
-0.22488,0.94411,-0.12158,0.059158,0.011619,0.1047,-0.16939,-0.003671
-0.90611,0.14772,0.28851,-0.11881,0.14508,-0.042342,0.152,0.11768
0.77532,0.30422,0.52313,0.010838,0.057726,-0.018008,-0.028508,-0.16754
0.19893,-0.68126,-0.012734,-0.66775,0.20615,0.041077,0.075861,0.017746
-0.10775,0.76448,0.093685,0.56908,0.21628,-0.032482,-0.13938,0.063807
-0.25103,0.77658,-0.21432,-0.42191,0.31695,0.065946,-0.040192,0.059583
-0.029566,-0.74932,-0.10724,-0.59465,0.17572,-0.090122,0.12248,0.13616
-0.44182,0.73342,0.036823,0.30713,-0.33271,0.21997,-0.074898,-0.080708
0.68614,0.44802,0.17511,0.1436,0.45086,-0.14175,-0.073613,-0.22006
0.15958,-0.75142,0.13154,-0.60919,-0.070816,0.11501,0.055058,-0.014531
0.85134,-0.41919,0.24945,-0.042783,-0.013522,0.091751,0.10612,0.1248
-0.92282,0.13495,0.16723,0.22825,0.11517,0.15912,0.01788,0.10594
0.75749,0.046019,-0.5735,-0.073637,0.03861,-0.12054,-0.035588,0.26922
-0.0087449,0.862,-0.029112,0.5003,0.0273,-0.042138,0.037267,0.042709
-0.91223,-0.22005,0.14729,0.12646,0.029095,0.25827,-0.044001,0.11065
-0.66252,0.703,0.034101,0.092288,-0.068888,0.19209,-0.11072,-0.057121
0.98902,-0.039901,-0.093963,0.0012102,-0.0058747,-0.038589,0.098468,0.013921
-0.33321,-0.873,-0.019066,0.24704,-0.049055,0.11599,0.023711,0.22143
-0.44734,-0.7486,-0.12722,-0.11112,-0.17404,0.39865,0.14445,0.029595
0.78964,-0.39529,0.28548,-0.13878,-0.27834,-0.12922,-0.13187,-0.088863
0.21689,-0.72007,0.054777,0.50311,-0.40174,0.078701,0.10183,0.019613
-0.073963,-0.90145,0.036381,0.091371,-0.077183,0.39826,-0.06302,0.060922
-0.011475,-0.93314,0.011475,0.062149,-0.11938,-0.25995,0.09747,0.18382
0.90156,0.12502,0.2052,0.28547,-0.080408,-0.12035,-0.15665,0.049683
-0.45263,-0.78416,-0.089881,-0.23399,-0.3163,-0.10069,-0.072457,-0.044119
0.017016,-0.88294,-0.35554,-0.25635,-0.11341,-0.012927,0.11412,-0.04407
-0.30141,-0.84592,-0.22129,-0.14006,-0.28029,0.16595,0.10368,0.090206
0.42361,-0.86213,0.063046,0.21287,0.047313,-0.10648,0.096642,-0.071349
-0.25665,-0.90754,0.080147,-0.2515,-0.18917,0.062438,0.032886,-0.0081606
0.76797,0.0021313,0.61767,0.092916,0.013115,-0.078484,0.091989,0.072684
-0.82281,-0.26274,0.42806,-0.091366,-0.19868,-0.0097802,0.047707,-0.14329
0.33603,-0.79963,0.046254,-0.17808,0.25225,-0.33255,0.17622,0.092462
0.66189,-0.40716,-0.34936,-0.095716,0.49596,-0.027282,-0.063212,0.11917
-0.8777,0.15399,-0.20288,0.023138,-0.33458,0.14741,-0.17153,0.033845
0.51151,0.80616,-0.054597,-0.27695,-0.00065364,-0.076374,-0.039531,0.037117
0.20256,0.89726,-0.22258,-0.16339,0.073952,-0.14868,0.10196,-0.19922
0.75691,0.32279,-0.45996,-0.0055656,-0.17044,-0.082404,-0.27319,0.028728
-0.88595,-0.41847,-0.11676,0.044991,0.11213,-0.031111,0.094534,-0.042852
0.018485,-0.88684,-0.020114,0.28404,-0.11522,-0.10917,-0.091771,-0.31379
0.62782,-0.53262,0.1013,0.21963,-0.47119,0.13898,-0.021454,-0.14785
0.29977,0.88322,0.10572,-0.01052,-0.086725,-0.12061,-0.070811,0.30281
0.68191,-0.59037,-0.16467,0.0043312,-0.3452,-0.03126,0.19204,0.04799
-0.76413,-0.46217,0.025137,0.16119,0.36074,0.14145,0.086918,-0.13487
0.54744,-0.69446,-0.12262,-0.23244,0.32628,-0.083031,0.030423,0.18627
0.60546,-0.62656,-0.12262,-0.16527,0.32688,-0.24293,0.15277,0.096368
0.30743,-0.78819,-0.0060191,-0.14776,0.17778,-0.45682,0.14457,0.034485
-0.23476,0.76705,-0.062379,-0.5645,-0.18109,0.020909,-0.0026522,0.026971
-0.20647,0.94788,0.039844,0.20892,-0.035834,0.030974,0.012826,-0.1061
0.85249,-0.36219,-0.27348,-0.097954,0.20427,0.11278,0.051155,0.025235
0.046838,-0.76484,0.19157,0.55938,0.065811,-0.049695,-0.21072,0.10959
-0.64023,0.58641,-0.031004,0.10912,-0.0020739,0.32031,-0.36125,0.01605
-0.62861,-0.6997,0.2065,-0.11342,-0.23635,0.029725,0.050511,0.021893
-0.30391,-0.7295,0.028357,0.54473,0.24708,-0.12276,0.0056224,-0.042194
0.174,-0.92174,-0.039848,0.17057,-0.1856,-0.20622,-0.062336,0.092637
-0.84905,-0.073904,0.4896,-0.15452,0.061185,0.036286,0.059162,-0.038782
-0.019841,0.73397,0.11463,0.59157,0.2169,-0.11871,-0.19141,-0.0049879
-0.31423,0.87506,-0.085735,-0.30577,0.15279,0.068088,-0.032582,-0.075102
-0.3851,-0.69674,-0.05536,0.3691,0.47094,-0.064341,-0.032178,-0.0011784
-0.84719,0.26108,0.35625,-0.11031,-0.16341,0.014322,-0.1834,-0.12032
-0.9342,-0.043848,0.028745,-0.052313,-0.083805,0.068426,0.3293,-0.040528
0.12061,-0.78806,0.050032,0.55568,0.14108,-0.060473,0.093559,0.14429
-0.20901,-0.92351,0.033854,0.24631,0.15607,0.12302,0.039597,0.023697
-0.81973,0.082772,-0.35376,-0.053558,0.24252,0.10343,-0.34739,0.05457
-0.067578,0.82019,0.017347,0.42321,0.25795,-0.26922,-0.013342,-0.064138
0.79857,0.096948,-0.58181,-0.081551,0.040215,-0.036008,-0.022887,0.065567
0.79114,0.47392,0.075629,0.2602,-0.13825,-0.1241,-0.18758,-0.079833
-0.9212,0.30037,-0.15934,-0.042056,-0.023466,0.1246,0.1308,-0.028891
0.0069416,-0.93768,0.14051,-0.15535,0.18763,-0.055522,0.17217,0.09431
-0.57168,0.63812,0.04055,0.11281,-0.49689,-0.026493,0.018267,-0.060626
-0.72357,-0.57382,0.088615,0.10572,0.1642,0.16267,0.065849,-0.26531
-0.90454,-0.2493,-0.011625,-0.13532,0.18777,0.24793,-0.03867,-0.054581
-0.94421,0.0044996,-0.046775,0.0054281,0.1622,0.039725,0.27989,-0.0006103
0.93658,-0.16615,0.10312,-0.015737,-0.25378,-0.12302,-0.006327,0.068963
-0.74342,-0.42886,-0.20777,0.0068485,-0.27415,0.22212,0.27443,0.14276
0.043481,-0.98385,-0.058371,-0.019166,0.10274,-0.10401,0.045415,-0.054181
-0.76073,0.14672,0.51353,-0.15612,-0.18819,0.032696,0.045986,-0.27033
0.55095,0.58185,0.2171,0.1914,0.50868,0.046238,0.078476,-0.084168
-0.91891,0.029259,0.11198,-0.12088,-0.01019,0.061751,-0.35023,-0.031879
0.63446,-0.5709,0.13818,0.12095,-0.47919,0.039665,0.074592,0.032388
0.93279,0.04034,0.35171,-0.0074076,0.027781,-0.022683,-0.04605,-0.033303
0.048417,0.93611,-0.12175,-0.23793,0.17743,0.013563,-0.13332,0.021828
-0.10006,-0.90559,-0.014364,0.35162,0.16044,0.12461,-0.037136,-0.058378
0.84311,-0.35809,-0.13929,-0.07087,-0.25428,-0.1455,0.22019,-0.046845
-0.8307,-0.053699,0.51003,0.00053981,-0.15268,-0.12466,0.039116,-0.080819
0.31909,0.93689,0.016474,0.054792,0.071326,-0.10511,-0.030553,0.0084566
0.95862,-0.023502,-0.27799,-0.042957,-0.023556,0.00063805,-0.021654,-0.018556
-0.5662,0.7336,0.042763,-0.10627,0.17349,0.15821,-0.18997,0.19212
0.068629,0.77404,-0.09633,-0.589,-0.13063,0.12586,0.066938,0.050663
0.57925,-0.7987,-0.079403,-0.0034172,0.039646,-0.12453,0.056041,-0.0037771
0.80427,-0.54068,0.099986,-0.050814,-0.090205,0.14733,0.127,0.047547
0.66109,0.40422,0.38311,0.15753,0.45995,0.094004,0.086622,0.0095343
-0.86504,-0.014798,0.38449,0.093109,-0.19587,0.13399,0.097665,-0.17067
0.71544,0.50001,-0.030826,-0.14631,-0.36213,-0.16671,-0.2165,0.099871
-0.75137,0.57881,-0.19541,-0.18307,-0.035611,0.08478,-0.13726,0.037794
-0.47837,-0.70186,-0.0066936,-0.00018563,0.26261,0.31343,0.33183,-0.034643
0.80805,-0.36147,-0.19344,-0.004047,0.30042,-0.26795,0.091028,0.092884
0.10961,-0.86335,-0.043239,-0.43651,0.060595,0.081172,0.17586,0.094995
0.9503,0.13393,-0.17701,-0.06808,0.13342,0.041632,0.086255,0.12671
0.30437,-0.8528,0.15475,0.17365,-0.29815,-0.13056,0.11616,0.080937
-0.94654,0.016669,-0.30827,-0.046709,-0.013708,-0.076061,-0.01357,-0.020444
-0.67631,0.64493,0.13637,-0.0015893,-0.18247,0.10123,-0.18814,-0.17069
0.8103,-0.037401,-0.55472,0.042162,0.093399,-0.025525,0.15183,-0.0092583
0.33406,0.69207,0.050177,0.40996,0.45154,-0.17239,-0.049189,-0.053259
0.34233,-0.8905,-0.0010952,0.012688,-0.25417,-0.10234,0.065287,-0.10161
0.18558,0.8731,0.02556,0.25715,0.14065,-0.3247,-0.09662,0.044006
0.97424,-0.03259,-0.16665,0.028866,-0.056447,0.1007,-0.046089,-0.075814
0.10339,0.72354,0.053882,-0.59765,-0.070055,-0.12084,-0.16522,0.24272
-0.2296,0.88215,-0.09618,0.2195,0.14854,0.28555,-0.050588,0.07414
0.20055,0.81068,0.059483,0.44541,-0.28476,0.13027,-0.044873,-0.023777
0.77732,-0.52716,0.20108,-0.22688,-0.0036018,0.0094565,0.13758,-0.083341
0.056095,-0.96733,0.022682,-0.23009,-0.011511,-0.080606,0.03217,-0.0019843
0.011816,0.939,-0.12185,-0.21382,-0.097574,-0.14992,-0.071137,0.14322
-0.86983,-0.13011,0.017533,0.13463,-0.19371,0.23227,0.3284,0.093344
-0.23326,0.80444,-0.1522,-0.39847,0.16746,0.24957,-0.0039074,0.16178
0.39457,0.86467,0.050597,-0.19201,0.11431,0.0013783,-0.19725,0.072504
-0.0087827,-0.77923,0.00062106,-0.62396,0.022532,-0.030352,0.018398,-0.040269
0.05249,0.96126,-0.21006,-0.033943,0.02904,-0.077331,0.14486,0.012218
-0.09009,0.98419,-0.078568,-0.080558,-0.0041281,-0.00080428,-0.084211,0.059019
0.79577,0.50959,0.1602,-0.086661,0.24488,0.029587,-0.026019,-0.11123
0.9541,-0.060543,0.11015,-0.084782,0.24905,0.015409,0.063335,0.020546
-0.74479,-0.31498,-0.39585,-0.081971,-0.38233,-0.017241,0.037876,0.18641
-0.89125,-0.26322,-0.3507,0.038085,-0.017324,0.096744,-0.0077459,0.047226
-0.3517,0.8093,0.24421,0.018361,-0.30962,0.19866,-0.15844,-0.030532
-0.43885,0.83164,0.01216,-0.088718,0.22017,0.17368,-0.13393,0.10574
0.94555,-0.074962,-0.095029,0.16378,-5.5511e-17,-0.12561,0.21203,-0.061108
0.39027,-0.84894,0.027735,3.934e-05,-0.3389,0.10555,0.01012,-0.010637
0.78912,0.042821,-0.58004,-0.10988,0.14474,-0.026059,0.072667,0.0051187
-0.316,-0.72687,0.091044,0.57127,0.16933,-0.083066,0.015021,0.037074
0.95436,-0.18531,-0.050309,-0.084258,0.16781,-0.061161,-0.071711,-0.090468
-0.56642,0.61192,0.34278,0.095578,-0.33236,0.095431,-0.02127,-0.24098
-0.90877,0.043071,-0.26604,0.19832,0.079663,0.19144,0.12944,0.049158
0.40242,0.81957,0.11205,-0.13839,-0.11936,-0.32731,-0.11388,0.017652
-0.96464,-0.12967,0.034678,-0.022557,-0.19837,0.10563,0.0034301,-0.020422
0.64599,0.68257,-0.21357,-0.090348,-0.054208,-0.22081,0.0051861,0.10632
-0.060051,0.94547,0.12699,-0.15101,0.014015,0.091306,0.13421,-0.19235
0.98888,-0.053541,-0.037617,-0.042599,0.050636,-0.10856,0.027405,0.03032
0.17037,0.76114,0.21416,0.54289,0.030199,-0.15928,-0.048554,-0.14967
-0.02867,0.63014,-0.028762,-0.75994,0.15091,-0.011225,-0.0087118,0.028187
-0.94259,-0.12506,-0.071525,0.054732,0.10171,0.17637,-0.20249,0.072857
-0.68625,0.68959,-0.066686,0.021147,0.041917,0.080241,-0.19972,-0.023421
0.85712,-0.33664,0.22654,-0.16473,-0.064357,-0.23878,-0.098405,0.052203
0.7705,-0.036538,-0.63096,-0.06238,0.0092898,0.044132,-0.0064783,-0.030424
-0.23014,0.89202,0.20001,0.079888,0.071382,0.1665,-0.090846,-0.25276
-0.92788,0.22879,0.20196,0.039891,0.03462,0.18202,0.049637,0.08673
0.1865,-0.95737,-0.067224,-0.14891,0.095484,-0.087373,-0.056781,0.044586
-0.8612,-0.15737,0.3148,-0.14804,0.22416,0.2292,0.076635,-0.062408
0.11211,0.75833,-0.059089,0.6223,0.13528,0.014267,-0.035471,0.042933
-0.85715,-0.27589,-0.010208,-0.11908,0.21076,0.074745,0.353,0.016725
-0.13873,0.71131,-0.025655,-0.6409,0.25095,0.012704,-0.015604,-0.00054095
0.18624,0.95199,-0.078769,-0.10535,0.088902,-0.16852,-0.056158,0.047717
-0.72509,-0.010551,-0.6698,0.025683,-0.12419,0.050752,0.018055,-0.080705
-0.30313,-0.79122,-0.1183,-0.31579,-0.36134,-0.18332,-0.033648,0.0552
0.88101,0.42593,0.0081095,0.023287,-0.03593,0.099394,0.11529,0.13165
-0.96669,-0.0069591,-0.23299,-0.009585,-0.0022968,-0.013468,0.1041,-0.0079732
-0.03671,0.87731,0.035227,-0.38094,-0.067742,0.26976,-0.055311,0.046879
0.89234,-0.006893,-0.45089,-0.0038499,0.015443,0.0038433,-0.0032551,0.010207
0.84442,-0.21695,0.38364,-0.043812,0.28032,0.052728,-0.073025,0.063963
-0.86799,0.40145,-0.054244,-0.084552,0.13106,-0.024542,-0.20863,-0.11851
-0.83454,-0.10092,-0.46561,0.16097,0.082101,-0.067035,0.084341,-0.17973
0.9443,-0.015418,-0.0048452,-0.054564,-0.23241,0.090792,-0.19535,0.06815
-0.82063,0.49132,-0.2127,-0.009571,-0.08935,0.17183,0.039782,0.027264
-0.78484,0.060786,-0.57623,0.14326,0.12012,0.10074,0.048021,0.029692
-0.68396,0.50042,0.16531,-0.034669,-0.45893,0.17223,-0.028541,-0.11024
-0.95403,-0.056967,0.26882,-0.016324,0.028274,0.080564,-0.080564,-0.016324
0.93089,0.14088,0.028127,-0.0051758,0.12235,0.0070123,-0.29211,-0.11147
0.87762,-0.075013,0.26968,-0.068033,0.11433,-0.048324,0.35714,-0.061957
-0.7999,0.059039,-0.57353,-0.080303,-0.077335,-0.088076,-0.083858,-0.0227
0.15053,0.90526,0.084398,-0.0047838,0.33471,-0.15791,-0.115,-0.022411
-0.73996,0.31243,0.43146,-0.05019,-0.3861,0.011514,0.11661,-0.058082
0.79076,0.096243,-0.54809,0.024357,0.1667,-0.04774,0.13611,0.12588
0.92413,-0.22176,0.23212,0.0084528,-0.08365,-0.024695,0.11897,0.14522
0.047979,-0.97699,-0.033253,0.17734,-0.05583,0.0010513,-0.032297,-0.080489
-0.90197,0.091811,-0.098525,-0.22652,-0.28112,0.049455,0.12984,0.13665
0.788,0.31107,0.41676,0.044822,0.30142,-0.078194,0.093683,-0.029093
0.94581,-0.15862,-0.064075,0.039425,0.21623,-0.025148,-0.1204,0.11291
-0.28856,0.9123,0.15446,-0.033212,-0.03316,0.065434,-0.22554,0.056754
-0.89921,-0.31882,-0.073187,0.019977,-0.16591,0.079199,0.21214,-0.072232
0.95205,0.03984,0.28808,-0.031091,-0.058451,0.038263,0.056342,-0.00070582
0.04238,0.66303,0.019964,-0.73907,-0.088915,-0.061314,-0.014511,-0.0097965
-0.097153,-0.9791,0.0023334,-0.15581,0.045623,-0.022992,-0.069903,0.012079
-0.7406,0.16553,-0.57238,-0.24086,0.094294,0.0049661,-0.0082799,0.17173
0.89738,0.1022,-0.34609,0.028109,-0.16965,0.046314,0.17092,-0.059566
0.75603,0.40796,-0.24185,-0.13202,-0.28012,-0.17439,-0.25982,0.098415
0.98191,-0.15418,-0.089558,0.0089674,0.014225,-0.013355,0.036362,-0.04772
-0.36264,-0.86855,-0.049406,0.26057,0.19371,0.064721,0.020921,0.040375
0.17353,0.94642,0.25734,0.036755,-0.0076391,-0.042498,-0.018509,-0.066304
-0.5884,-0.71145,0.0084896,0.036931,-0.11472,0.20126,0.17011,0.25217
0.82425,-0.22869,0.33599,-0.097551,0.074773,-0.21891,0.28405,-0.10822
-0.78016,0.053927,0.55006,0.013694,-0.13134,0.035042,-0.047401,-0.25488
-0.84076,-0.32994,0.1897,0.1074,0.35367,0.081346,0.066904,-0.023757
0.10006,-0.98941,0.050186,-0.026344,0.057202,-0.016062,-0.023832,-0.061235
-0.73761,-0.076779,0.61504,-0.0083371,-0.050924,0.034965,0.21491,-0.14729
0.6475,-0.063812,-0.74304,-0.009363,0.13954,-0.055015,-0.023394,0.037907
0.087217,-0.80265,-0.072737,0.4247,-0.16715,0.27738,0.23995,-0.0056089
-0.9831,0.14948,0.091132,-0.010031,0.015662,0.0047326,-0.049414,0.0071065
0.042689,0.86354,0.024724,-0.4981,-0.028303,0.024806,-0.048517,-0.0004253
-0.28674,0.88693,-0.24934,-0.23149,0.096408,-0.027238,0.0039652,-0.073022
-0.43158,0.79589,0.020265,0.13583,-0.094225,0.30307,-0.23868,-0.06121
-0.88284,-0.21741,0.27575,-0.017294,0.28628,-0.021917,0.10705,-0.055645
-0.86753,0.094998,-0.48409,0.0093645,0.046733,0.001546,-0.040431,0.010587
-0.96514,0.10686,-0.22742,0.023018,0.069323,0.0035119,0.0025881,-0.0038018
-0.45327,0.60854,0.13324,0.28602,-0.54164,-0.044693,0.048213,-0.16421
-0.84267,-0.45056,-0.18998,-0.031285,-0.18803,0.094033,0.013729,0.073806
-0.92627,-0.15523,-0.072087,-0.2163,-0.16592,-0.074188,0.032633,0.17848
-0.70982,0.30759,-0.45286,-0.24274,0.36621,-0.024451,0.027037,0.045731
0.89768,-0.01803,-0.16941,-0.023857,0.14579,-0.3218,-0.19054,0.058772
-0.85146,0.30084,0.18297,-0.0035718,-0.099751,0.14562,-0.3446,0.033523
0.081023,0.77594,-0.0070917,0.54411,0.27966,-0.11265,-0.05419,-0.037546
0.22199,-0.82238,-0.04436,-0.45153,0.22909,-0.11476,0.053968,0.0027792
0.24969,-0.87685,0.030635,0.2455,-0.024137,-0.29476,0.038601,-0.13645
0.99499,0.017471,-0.09112,0.0069531,0.0056064,0.0045776,-0.035684,-0.0041957
0.033949,0.84778,-0.0053237,0.51893,-0.086828,0.048012,0.030412,-0.0053237
-0.044175,-0.8828,0.051263,0.45627,-0.026707,-0.03144,0.073036,0.029319
0.82878,0.02814,-0.54657,0.0096879,0.06177,-0.021037,0.071712,-0.064001
-0.0062157,0.88408,-0.23457,0.34598,0.057662,0.086421,-0.17524,0.046196
0.44321,-0.79671,0.016431,0.12409,-0.011869,-0.33272,0.20529,-0.012474
-0.16375,-0.964,-0.0039085,0.0063491,0.17834,-0.06403,0.086824,0.019573
0.31825,-0.7937,-0.063367,0.50812,0.065184,0.0074254,-0.035055,0.031967
-0.87459,-0.29249,-0.021289,-0.027656,-0.12145,0.15614,0.32226,0.073148
0.91905,0.06623,0.36218,0.010755,0.048042,-0.039226,-0.069647,-0.10472
-0.89635,-0.37497,-0.010756,0.068925,-0.053311,0.04311,0.21119,0.042164
-0.54534,-0.81656,-0.022642,0.051599,-0.015229,0.12594,0.11339,-0.060923
-0.57424,-0.59876,-0.11566,-0.19153,-0.4928,0.027388,0.042816,0.12747
0.84352,-0.062786,-0.52823,0.012926,0.061838,0.0030993,0.026113,0.028716
-0.99002,0.039459,0.11974,0.040961,-0.020435,0.0021272,-0.00031446,-0.043134
-0.66441,0.58007,-0.041107,-0.063701,0.22512,0.19238,-0.27969,0.22453
0.88112,-0.25256,-0.32333,-0.095906,0.15731,0.11067,-0.080122,-0.051845
-0.13849,0.8902,0.051997,-0.322,0.083979,-0.0065177,-0.20082,0.18588
0.12828,-0.78659,0.10308,0.527,0.149,0.0021433,0.037773,0.22985
-0.74025,-0.20981,0.60283,0.092349,0.18641,-0.033429,-0.0052028,-0.013349
-0.77203,-0.35125,0.43186,0.0042057,0.28189,-0.057463,-0.067191,0.082374
-0.83685,-0.37213,-0.18551,0.092455,-0.015929,0.18597,0.27344,0.092962
0.21589,0.93255,-0.015618,-0.22862,-0.027162,-0.086313,0.1319,0.07513
-0.85553,0.16086,0.38096,-0.089038,-0.24282,0.15961,0.0088395,-0.067899
0.93186,0.060494,0.024874,-0.20178,0.16018,-0.12942,-0.1578,-0.13902
0.86944,0.11372,0.34662,0.0049122,0.12432,-0.018511,-0.28802,-0.11055
-0.18038,-0.69928,-0.015773,-0.64356,-0.23808,0.019956,-0.006629,0.083204
0.75617,-0.55686,-0.039879,0.070324,0.15452,-0.10196,0.22797,-0.15918
-0.93205,0.28681,-0.11407,-0.08667,-0.0002019,0.10503,-0.13193,0.0072286
0.80617,-0.52109,0.033257,-0.12912,0.13281,-0.19418,0.069914,0.023406
-0.64444,0.65675,0.18131,0.042433,-0.1883,-0.026899,-0.2786,-0.070061
-0.94087,0.014154,-0.31876,-0.025649,0.024867,-0.0018181,-0.10094,-0.038699
-0.081972,0.93921,-0.096174,-0.24899,-0.18178,-0.038353,0.0023507,0.073555
-0.756,-0.078946,0.64634,0.039215,0.052589,-0.0044133,-0.011315,0.0057371
-0.88541,0.30436,0.071841,0.019491,-0.27214,0.017446,-0.19427,-0.07599
0.92047,0.11941,0.35149,-0.059583,-0.022112,-0.026203,-0.10076,0.0070856
0.13315,-0.91532,-0.14781,0.27063,0.019234,-0.11105,0.17246,-0.083236
-0.89931,-0.32968,0.028511,-0.021359,0.27515,-0.028185,0.019818,-0.066269
0.48316,-0.75823,-0.24407,-0.082883,-0.039718,-0.34502,0.0054603,0.067553
-0.10332,0.94952,-0.038471,-0.23745,-0.084252,0.085864,0.11053,0.056503
-0.41169,-0.72787,-0.0093084,0.32947,0.36485,0.050376,0.16347,-0.17236
0.83744,-0.40402,-0.23702,0.12201,0.1164,-0.15614,-0.09154,0.1345
-0.2428,0.87577,-0.092051,0.12079,0.089491,0.36267,-0.081249,0.069846
-0.66468,0.53042,-0.10454,-0.058379,-0.22692,0.27802,-0.35194,-0.099323
-0.3101,0.85205,0.15141,0.32186,-0.15432,0.15676,-0.030319,-0.045006
0.69851,-0.071443,0.69707,-0.024293,0.08291,0.067695,-0.0010147,-0.095018
-0.52924,0.69287,-0.022982,0.14863,-0.32665,0.1473,-0.15859,-0.25233
-0.82252,0.16452,-0.34908,-0.0088317,0.23637,0.19299,-0.13507,0.2512
0.35457,0.86333,-0.037827,0.30504,-0.15353,0.093542,0.042616,0.017986
0.93851,-0.28804,0.12759,-0.040626,-0.02733,-0.057931,0.11001,0.045782
-0.62164,0.66287,0.16497,-0.067552,-0.19721,0.23918,-0.21059,-0.04408
0.84092,-0.22493,-0.29724,-0.078066,0.29712,-0.13126,0.14842,0.14242
-0.4798,-0.78094,0.077307,0.19177,0.31662,-0.063956,0.093313,-0.064283
0.88182,-0.12338,0.42537,0.0032487,0.089861,0.12512,-0.0012676,0.049944
0.13721,-0.7485,-0.14971,0.59098,-0.10124,-0.14011,-0.11765,-0.074331
0.73501,0.048104,0.66114,0.077564,0.019351,0.057463,0.06803,0.077564
-0.95538,0.046406,0.16624,0.07638,0.11925,-0.093695,0.16084,-0.052525
0.050979,-0.88689,-0.27695,-0.32559,0.088298,0.072095,0.12244,-0.011725
-0.29308,0.83935,0.10425,0.37595,-0.18488,-0.02023,-0.12277,-0.087904
-0.0022363,0.92406,-0.018199,-0.37441,-0.018499,-0.038987,-0.010511,0.060272
-0.80543,0.061305,-0.58576,0.00013622,0.064806,0.00029631,-0.014656,0.00035613
0.90413,-0.35815,-0.063372,-0.12366,0.062093,0.0361,-0.15225,-0.081405
0.68928,-0.093478,-0.68944,0.177,0.085509,0.038161,0.00031006,-0.027141
0.17459,-0.95048,0.036866,0.13773,0.028117,0.021629,-0.17182,-0.12243
-0.45939,-0.8364,-0.0077345,-0.26384,-0.033496,0.083509,0.10616,-0.01904
0.61292,0.66348,0.13413,0.18015,0.33803,0.084747,0.091166,-0.06259
0.79183,-0.57059,0.13152,0.055939,-0.041578,0.05863,0.14737,-0.011327
-0.90785,-0.03621,-0.39687,-0.070147,-0.10411,-0.0054436,-0.026723,-0.022045
0.93026,0.18157,-0.1179,-0.2006,0.14307,-0.036222,-0.11956,0.10691
-0.26043,-0.8438,-0.0036815,-0.025464,-0.25521,0.35878,0.065916,0.146
0.18461,-0.87229,-0.11616,0.38282,-0.19884,0.069349,-0.016248,0.019417
-0.21992,0.90231,-0.16613,0.21429,-0.14621,0.1571,-0.097275,-0.091764
0.87829,-0.016203,0.42332,-0.028939,0.11226,-0.057729,-0.022914,0.17846
0.14103,0.86604,-0.17048,0.34584,0.21918,-0.051427,-0.14443,-0.099362
0.97632,0.0033644,0.078232,0.015307,0.0097679,-0.086915,-0.15326,-0.096428
-0.5487,0.68358,-0.040426,0.1223,-0.19769,0.29823,-0.2398,-0.17183
0.93874,-0.030447,0.20351,0.22583,0.049695,0.084013,0.084536,-0.09351
0.75676,0.082821,-0.53788,-0.12044,-0.31798,-0.021303,-0.10311,-0.06666
-0.066833,-0.792,-0.062783,-0.5918,-0.11217,0.028975,-0.0093917,0.024539
-0.63833,0.6027,-0.11043,0.093924,-0.41348,0.070339,-0.17793,0.026359
0.29914,0.71146,-0.077438,0.4713,0.4009,0.076179,-0.047703,-0.086195
-0.30145,-0.92462,0.01676,0.20137,-0.027565,-0.097746,-0.0044819,-0.055122
0.1308,0.92217,-0.28293,-0.17873,0.12137,-0.072656,-0.021809,-0.0047917
-0.060299,0.90573,-0.30741,-0.14225,-0.22264,0.07581,0.0034364,0.077206
-0.29107,0.87274,0.14785,-0.026914,0.21462,0.17143,-0.23101,0.046928
0.78177,-0.56143,0.1281,-0.012069,0.052748,-0.09231,0.20569,-0.058792
-0.68017,0.54675,-0.2146,-0.0068625,0.42677,0.075152,-0.037486,0.056045
0.094836,-0.91411,0.0276,0.34887,-0.1618,-0.0018037,0.002621,-0.082131
-0.24285,-0.84086,0.047451,0.041547,0.3731,0.25935,0.14327,-0.054906
0.84309,-0.12056,-0.47278,0.045947,0.21391,-0.042784,0.0099578,-0.036666
-0.0076668,-0.87114,-0.015751,-0.48932,0.0085836,0.00065954,-0.027014,-0.023884
-0.21801,0.77801,0.06049,-0.44243,0.37642,0.034913,-0.065856,0.022907
-0.86895,-0.10134,-0.34089,-0.1077,-0.29038,-0.024647,0.14636,0.022261
0.60779,0.60347,0.059003,0.10658,0.48703,0.025573,-0.047822,-0.10697
-0.62014,-0.63709,-0.050884,-0.10174,-0.37883,0.066531,0.11448,0.18854
-0.97824,-0.11711,-0.045005,-0.029799,0.00067648,0.0046756,0.16226,0.0078009
0.49887,-0.63181,0.10086,0.32988,-0.42787,0.13448,0.12884,-0.12331
-0.94194,0.20888,-0.081143,0.16299,0.12838,0.13366,0.011463,0.038714
-0.62037,-0.70502,-0.1289,0.053249,-0.18268,0.097547,0.23543,0.017838
0.12905,-0.97621,-0.066277,0.044428,-0.058028,-0.067457,0.062213,0.11047
-0.92042,-0.0037201,-0.37555,-0.0062267,0.040899,-0.014032,-0.089659,-0.042784
-0.0091475,0.99227,0.0033538,0.10771,0.049509,-0.025871,-0.0205,0.0125
-0.073431,-0.81009,0.085646,0.48232,0.1231,-0.1677,0.0052767,-0.23471
-0.87368,0.18112,-0.1282,0.1147,-0.10766,0.15201,-0.36389,0.084686
0.19376,-0.81153,0.035571,0.47079,-0.24552,0.12268,0.023247,-0.071437
0.88056,0.058441,0.45899,0.02503,0.048875,-0.0073439,0.082648,0.02503
-0.5152,-0.69159,0.0098331,0.0098331,0.15942,0.44033,0.19087,0.018361
0.77063,-0.5789,0.078369,0.029947,0.048158,-0.23595,0.0093824,0.076786
-0.61789,0.76922,0.059875,0.079775,-0.012882,0.042078,0.049451,-0.11038
-0.61574,0.63142,-0.0026784,-0.070873,-0.11309,0.36327,-0.24464,-0.112
-0.04171,-0.68868,0.026153,0.70794,0.10445,-0.058987,-0.0097483,-0.087416
0.72498,0.57187,0.13535,0.0048943,0.34588,-0.077056,-0.013865,-0.057059
0.19699,0.91239,0.021453,0.025492,0.33261,0.10684,0.041002,-0.062498
-0.42788,-0.64145,0.092346,0.45929,0.42781,-0.025499,-0.0017884,-0.048107
-0.093984,-0.96805,0.086961,0.056588,0.19006,-0.066127,0.034899,0.039736
-0.83432,-0.52173,-0.10382,-0.0033053,-0.04204,0.049378,0.098593,0.083624
-0.93746,-0.11776,-0.13162,-0.20761,-0.20869,0.0017884,0.045595,0.035232
0.081436,0.89499,0.061589,-0.39267,-0.0741,-0.048828,0.15344,-0.054373
-0.92625,-0.022699,0.070037,0.14809,-0.18808,0.080179,0.16633,-0.21271
0.95205,-0.044079,0.053919,0.065766,0.037006,-0.12513,-0.25071,-0.067435
0.016349,0.76491,-0.022937,0.64193,-0.015914,-0.040939,-0.0093396,-0.0052523
-0.3837,-0.71937,-0.15703,-0.37943,-0.40336,0.016312,0.0093688,0.060001
0.76902,0.043546,0.57533,0.21325,-0.086074,-0.1184,-0.066282,-0.066477
0.75938,0.54958,0.05437,-0.060697,0.088684,-0.15396,-0.28793,-0.014028
-0.64055,-0.57001,0.014939,0.031429,0.35462,0.211,0.19109,-0.23829
-0.62671,0.65142,0.073231,0.012848,-0.38694,0.15479,-0.034446,-0.049826
-0.33929,-0.90243,0.0089316,-0.14072,0.21786,0.010528,0.0020217,-0.055141
0.23539,0.8846,-0.32113,-0.0051846,0.081336,-0.1923,-0.11317,0.050242
0.95652,0.14893,-0.23694,-0.018932,0.044609,-0.0098857,0.011829,0.064506
-0.87862,0.43099,0.086261,-0.12882,-0.12271,0.038867,-0.0081899,0.040013
-0.19545,0.92516,-0.002044,0.14541,0.11685,0.26658,0.0014661,0.00097806
-0.074733,-0.8353,-0.039306,-0.52983,-0.11737,-0.0013751,-0.019628,-0.015869
0.6185,-0.67947,0.096431,-0.0078635,-0.18822,-0.30581,0.12605,-0.039828
0.14775,0.97483,-0.00093052,0.076852,-0.061528,0.07367,-0.11297,0.00049541
0.54853,0.82012,-0.13649,0.037778,-0.0012024,0.066055,0.031851,-0.032826
0.43315,0.84006,0.034051,-0.07528,0.25743,-0.13002,-0.12857,-0.012354
-0.82033,0.44792,-0.23797,0.0080076,0.089315,0.18427,-0.16193,0.039836
-0.5325,0.73049,0.03547,0.019449,0.11781,0.23639,-0.29552,0.15528
0.1342,0.91283,0.19009,-0.32218,0.075699,-0.0050083,-0.017226,0.052344
0.38086,0.88876,0.0046561,-0.010207,0.24357,0.026583,-0.053698,0.044721
-0.0040345,0.95354,-0.022237,0.29473,-0.018291,0.019339,0.045244,0.025174
-0.61259,-0.54859,0.24483,-0.042676,0.48752,0.12477,0.031851,-0.088132
-0.81114,0.17587,0.51339,-0.059528,0.052399,0.051861,0.14389,-0.13365
-0.78334,0.1548,0.59076,0.02636,-0.075333,-0.035772,0.0033537,-0.075889
0.94183,0.083025,-0.1016,-0.13698,0.19392,0.10508,0.054076,0.1594
0.29495,-0.76454,-0.089144,-0.41523,0.35599,0.13119,0.031202,0.056582
0.80098,0.40418,0.11734,-0.037149,0.14122,-0.18111,-0.3333,-0.12684
-0.60759,0.44568,0.13162,0.2087,-0.59928,-0.049439,0.027681,-0.094765
-0.094182,-0.90176,0.10863,0.3853,0.10807,0.0016724,0.076433,0.013268
0.15635,0.93372,-0.15115,-0.0078011,0.061218,-0.23619,-0.12998,0.066209
0.93202,0.16979,0.17093,0.20152,-0.12644,-0.0090114,0.10432,-0.075734
0.16541,0.9626,-0.040631,-0.12727,-0.12355,0.082582,0.077389,0.010818
-0.064231,0.84563,0.043436,0.51697,-0.084636,-0.025641,-0.061756,-0.002665
0.23214,0.7702,-0.078211,0.54038,0.20297,0.091257,-0.022627,-0.06884
0.076986,-0.94929,0.075484,0.25722,0.069921,0.060793,0.10367,0.041486
0.064584,0.8216,0.0025295,-0.49661,-0.1729,-0.18708,-0.096174,0.0060308
-0.86161,-0.35002,0.23446,-0.07289,0.052677,0.24668,0.086449,-0.061084
0.78302,0.5806,-0.073439,-0.060585,-0.14507,0.12168,0.068854,-0.011432
-0.91932,0.13952,-0.088672,0.085221,0.24166,0.1508,0.19731,0.013594
-0.11979,-0.91512,0.20486,0.14177,0.25294,-0.084384,-0.08692,-0.086479
0.53287,-0.76779,-0.14615,-0.23524,0.073128,-0.12892,0.16678,-0.0073661
-0.10648,-0.97122,-0.056131,0.14117,0.021512,0.10023,0.049181,-0.0969
-0.019005,0.95514,-0.020381,-0.26962,-0.10934,-0.026877,-0.033838,-0.020381
0.030716,-0.73231,-0.0016624,0.66164,0.0028793,0.043439,-0.097591,-0.11654
0.70444,0.43199,-0.3115,-0.056656,-0.41867,-0.063738,-0.088633,0.17236
-0.84666,0.4058,-0.23038,0.063052,0.21398,-0.023601,-0.10538,-0.063194
0.0099889,-0.95868,-0.0415,0.11174,-0.2535,-0.016885,-0.041239,-0.019571
0.075825,-0.98561,-0.022011,0.12384,-0.037879,-0.00011012,0.071452,-0.021587
0.96097,-0.015004,0.14006,0.075891,0.18397,-0.050913,-0.071716,-0.096687
-0.093551,-0.89859,0.023401,0.36352,0.12331,-0.15423,0.10732,-0.023831
0.8846,-0.19696,0.053256,0.14434,-0.30475,0.0066217,0.24691,0.033892
-0.95822,2.7756e-17,0.101,-0.1896,5.5511e-17,0.10465,2.7756e-17,0.15721
-0.32801,-0.87137,-0.24703,-0.17588,0.03419,0.062928,0.14244,0.12548
-0.80603,-0.45848,0.24824,0.070621,0.26546,0.0064897,0.052006,-0.016921
0.43094,0.87571,-0.032945,-0.12014,-0.01039,-0.076042,-0.076875,0.14181
-0.86339,-0.06258,-0.4614,-0.12753,-0.063306,-0.051689,-0.10989,0.052191
-0.90888,-0.17009,0.16398,-0.056726,0.27997,0.092589,0.16382,-0.033336
0.72889,-0.58713,0.10325,0.061092,-0.31084,0.050558,0.090304,-0.047599
-0.94387,0.12663,-0.2761,-0.0024606,0.12293,-0.033076,-0.00015898,-0.025014
0.93721,0.13617,0.01553,-0.18104,0.033749,-0.17648,0.19257,-0.02655
-0.38997,-0.7576,-0.00023876,0.34531,0.3437,0.081505,-0.042008,-0.16792
0.56021,0.70959,-0.1742,-0.2148,-0.30791,0.0072422,-0.10351,-0.024237
-0.38965,0.73409,0.20162,0.25608,-0.38167,0.022969,-0.12298,-0.20428
-0.92258,0.23022,0.0037793,-0.1522,0.13622,0.020097,0.19284,-0.12854
0.81018,0.55247,-0.046718,-0.061441,0.11197,-0.067743,-0.12052,-0.027822
0.84289,0.08643,0.49177,-0.13501,-0.013916,0.092396,-0.090983,0.070663
-0.29987,0.81409,-0.044355,-0.46559,0.014886,-0.085576,0.12571,-0.072439
0.95122,0.045178,-0.2478,-0.090093,0.0074531,-0.039829,0.13153,0.068407
0.80105,-0.3818,-0.17564,-0.064515,0.33917,0.011074,0.24909,-0.018307
-0.048695,-0.93976,0.090586,-0.29987,0.053114,0.0076281,0.11018,0.036496
0.087683,-0.98901,-0.0701,0.028801,-0.047659,0.0031778,-0.042565,-0.06581
0.8765,-0.17141,0.31835,0.046154,-0.24177,0.1117,0.086061,0.14337
0.97845,-0.11992,-0.083971,0.029739,0.069558,-0.0073205,-0.052496,0.11254
-0.85147,-0.27748,-0.10948,-0.26255,0.21082,0.069164,0.21735,0.14355
-0.87472,-0.16582,-0.38199,0.083445,-0.053181,0.0016462,0.13843,-0.18026
0.43908,0.80047,-0.057703,0.11866,0.30343,0.014223,-0.237,-0.024686
-0.86917,-0.15513,0.3325,-0.076785,0.24893,0.052392,0.16237,-0.11376
-0.16325,0.93697,-0.055543,0.076588,-0.2284,-0.097717,0.048637,-0.1497
0.6066,-0.65793,0.016523,-0.13747,-0.23747,-0.16514,0.31032,-0.0062272
0.10985,0.91869,-0.16515,-0.079459,-0.25501,0.046318,-0.19891,0.060078
0.302,-0.87998,-0.1058,-0.16379,0.0001485,-0.11447,0.14645,0.2487
0.35488,-0.80233,0.11187,0.1981,-0.27814,-0.23757,0.16612,-0.13107
0.12961,0.90904,0.063505,0.14881,0.03028,-0.3471,-0.088795,0.037377
0.91107,0.14563,0.027674,-0.27925,-0.070085,0.077795,-0.24023,0.036247
-0.67421,-0.64284,-0.16313,-0.069002,-0.24933,0.17411,0.085369,-0.032406
-0.87795,-0.19694,-0.22225,0.25696,-0.2668,-0.0070719,0.057096,-0.022514
0.89461,-0.32134,0.20995,0.14714,-0.02775,-0.11902,0.11994,-0.036945
0.51805,-0.7739,-0.044136,-0.27059,0.22375,0.01962,-0.061179,-0.057864
-0.91381,-0.087579,-0.30603,0.12218,0.11579,0.053434,0.16153,-0.079618
-0.59931,-0.74794,-0.11397,-0.23418,-0.10161,0.051923,0.011731,0.020639
-0.79403,-0.097899,-0.55388,0.19879,0.03344,0.046452,0.10022,-0.017779
-0.84785,0.29177,-0.23251,0.17182,0.26585,0.092774,-0.17405,-0.053565
0.82623,-0.078167,-0.53241,0.03489,0.15139,0.042016,0.025485,-0.035012
-0.79114,-0.030877,-0.60694,-0.0038098,-0.037121,0.052649,-0.0035951,0.024525
0.19053,-0.81916,-0.019925,0.26322,-0.26096,-0.38766,0.052838,-0.042748
0.93993,-0.13888,-0.043231,-0.028197,0.034214,-0.11836,0.23583,0.15422
0.91153,-0.16178,-0.26437,-0.13981,0.0671,-0.061926,0.16255,0.13691
-0.91145,0.15515,0.065656,-0.20021,-0.30251,0.058694,-0.075872,0.0085986
-0.083313,-0.98485,0.011591,-0.10114,0.0078686,0.11204,-0.0042993,-0.011864
-0.78821,-0.54349,-0.14781,0.0031815,0.16521,-0.040321,0.18038,-0.0059745
0.38695,0.86486,-0.038956,-0.0029297,-0.019835,-0.2715,-0.16068,-0.028818
0.87142,-0.15591,-0.41351,-0.052472,0.16301,-0.013186,-0.12488,0.015132
-0.96591,-0.0053522,0.15606,0.039231,-0.1634,-0.051893,-0.059271,-0.090474
0.29307,0.90045,-0.12697,-0.035652,0.12789,-0.15128,-0.13276,0.17039
-0.89087,-0.33584,-0.05847,-0.075984,0.14165,0.016107,0.16496,-0.1919
-0.842,-0.4861,-0.02936,-0.1705,0.10073,0.05691,0.043042,-0.097876
0.77684,0.054742,0.59907,-0.14214,0.079558,-0.013106,-0.082912,0.032591
0.773,0.086332,-0.61655,0.0030647,-0.10915,0.001106,0.052893,0.01254
0.56958,-0.56108,0.12446,0.022504,-0.56007,0.10587,-0.024551,-0.13888
0.28116,0.89695,-0.021897,-0.046538,0.05775,-0.23769,-0.028311,-0.23053
0.79012,0.21371,0.52139,0.060659,-0.15176,0.025171,-0.13843,-0.10805
0.73037,-0.06253,-0.60796,-0.17971,0.22323,0.034074,-0.009155,0.098312
0.0091666,0.92614,-0.0084991,-0.28841,-0.18317,-0.12556,0.087954,-0.043229
0.18448,0.8824,0.16954,-0.32956,-0.19274,-0.049652,0.051349,0.087961
0.10778,0.93312,0.099102,0.094363,-0.11765,-0.23715,0.10517,0.13343
-0.0096087,0.92446,0.2848,-0.025684,-0.19117,0.1068,0.11189,0.055165
-0.84604,-0.15405,0.41974,0.060937,0.25519,0.092825,-0.017082,-0.08103
-0.12759,0.72347,0.12608,0.59165,-0.26034,0.12251,0.061775,-0.08814
-0.73443,-0.67713,0.00092723,-0.0031732,-0.022765,0.038699,0.0091328,0.0022371
-0.75588,-0.46184,-0.18864,0.026502,-0.27466,0.16445,0.21914,0.16899
-0.24998,-0.86768,0.11871,0.24837,0.18661,0.24997,-0.076136,-0.075909
0.98415,0.032872,-0.099772,-0.080289,0.044607,-0.0090191,-0.040432,0.10134
-0.1204,0.88694,-0.19999,-0.19737,0.32199,-0.0057767,-0.12718,-0.0025031
-0.43212,-0.78253,0.019706,0.33443,0.23396,0.14953,0.099076,-0.042146
-0.14527,-0.87429,-0.18481,-0.33988,0.22036,0.064579,0.094698,-0.056067
-0.89946,0.14537,-0.18283,0.18094,-0.14608,0.26407,-0.053349,0.098796
0.91593,-0.016776,-0.020505,-0.079357,0.38385,-0.034995,0.037619,0.063988
-0.45095,-0.79219,-0.023867,-0.26854,-0.2981,-0.08255,-0.025209,-0.0090786
-0.78313,-0.31398,0.28799,0.14162,0.25085,0.16522,0.27364,-0.14151
-0.9019,0.026896,-0.42259,-0.004131,-0.068596,-0.0093905,-0.040621,-0.028658
-0.4259,0.74781,0.038893,0.20499,-0.41111,0.19762,-0.043836,-0.076636
0.23,0.76075,0.12883,-0.55521,-0.14363,0.020774,0.13675,0.061261
-0.72801,0.63454,-0.025468,-0.13464,0.070434,0.0063015,-0.17942,-0.10676
-0.79579,-0.34015,-0.408,-0.0097581,-0.27221,0.028234,-0.087553,0.043459
-0.86642,0.3658,-0.13977,-0.11878,0.20767,0.088649,-0.1757,0.0025297
-0.053025,-0.82649,0.060524,0.49886,-0.12519,-0.15668,0.14608,0.0027567
0.046781,-0.6866,-0.1864,0.62511,-0.18715,0.066158,0.2453,0.036268
0.28495,-0.88291,-0.029477,0.29757,0.050317,-0.15495,0.13773,0.065932
0.13015,0.92289,-0.044307,0.20588,-0.03339,-0.28632,0.012984,0.061071
-0.82871,-0.47367,-0.020192,-0.14396,0.073418,-0.14806,0.179,-0.091594
-0.63254,0.088759,-0.7357,0.080735,0.082992,0.16895,-0.04776,0.080732
-0.53474,0.76031,-0.040797,0.064158,0.11012,0.080385,-0.33217,-0.035656
0.29426,-0.8071,-0.21317,-0.38319,0.24177,0.032516,-0.082716,0.058104
-0.37318,-0.85056,0.089132,-0.051531,-0.0048242,0.29579,0.19327,-0.042695
-0.85181,-0.029394,-0.3856,0.061809,-0.10012,0.1625,-0.28915,-0.03167
0.12979,0.91479,-0.13232,0.089227,0.29833,-0.14677,0.065882,-0.077274
-0.89794,0.10671,-0.37785,-0.087872,0.061619,-0.066799,0.15091,0.028148
0.38369,0.79853,0.021925,0.089218,0.36896,-0.1815,0.02535,-0.19231
-0.29564,0.87228,-0.11757,-0.093828,-0.064334,0.3157,-0.10197,0.12207
0.26036,-0.93087,-0.028797,-0.17799,0.079966,-0.12031,-0.0097028,0.1106
0.74738,0.61229,-0.00038769,0.12438,-0.021788,-0.04354,-0.19932,-0.094597
0.26069,0.86687,0.02638,0.10408,-0.038992,-0.33917,-0.018094,-0.22839
0.0025249,0.97401,0.012057,0.20923,0.074788,0.0035708,-0.040443,0.012057
0.66613,-0.58312,-0.0096403,0.055713,-0.30091,-0.32269,0.087913,0.10317
0.95033,0.0085678,-0.30647,0.032103,0.01484,-0.021167,0.012117,0.032103
0.89545,0.37851,0.14759,-0.12454,0.083104,0.081913,0.022174,-0.059198
-0.86821,-0.21519,0.32029,0.11401,0.030226,-0.0096207,0.25771,-0.13003
-0.97115,-0.16941,0.14515,-0.058073,0.034753,0.045471,0.014994,0.015273
-0.11587,0.70141,0.12071,0.65932,-0.17853,-0.039619,-0.064629,-0.087783
-0.07403,-0.85174,0.12864,0.31399,0.32963,0.1537,0.067738,0.1306
0.10219,0.86964,0.0015595,-0.38614,-0.090103,0.14452,0.036936,-0.23197
0.11151,0.94208,-0.025373,0.28464,-0.021914,0.066681,-0.034605,0.11076
0.13485,-0.66589,0.021903,0.70345,0.2062,0.019756,-0.012857,0.0024126
-0.84578,-0.39045,0.26331,0.16507,0.032974,0.17842,0.048363,-0.019035
0.97044,-0.00010545,-0.010452,0.11594,0.17381,-0.073826,0.046994,0.082604
-0.93741,-0.2401,-0.028566,-0.20561,0.094603,-0.10368,-0.020351,0.020104
0.87714,0.039329,-0.32293,-0.23214,0.062013,0.022425,-0.035232,0.25556
0.2391,-0.78949,-0.10684,0.48115,-0.15659,-0.015323,0.22032,-0.057538
0.5874,0.70088,-0.1845,-0.095684,-0.015932,-0.31291,-0.12746,0.078165
-0.029945,-0.81298,0.021161,0.57911,0.043028,-0.020699,0.0063658,0.0058531
0.067679,-0.89641,0.027517,0.42494,-0.032391,-0.043747,0.085887,0.014254
-0.36004,0.86452,0.023611,-0.089087,0.2637,0.15297,-0.1287,0.07062
0.16968,0.86023,-0.21945,-0.37093,0.0010275,0.11755,0.068766,0.16406
-0.92985,0.31457,0.054913,-0.031297,-0.14893,0.081752,-0.059661,0.0013799
0.76727,0.45942,-0.030047,0.0038568,-0.038494,-0.18855,-0.39901,0.055477
0.012233,-0.83495,0.022384,0.53735,-0.10549,-0.042121,-0.013349,-0.019633
0.76175,-0.0018135,-0.59347,-0.095523,0.23375,-0.055025,0.021255,0.01673
-0.19121,-0.8073,0.077911,0.46078,0.29642,-0.018301,-0.024306,-0.067326
0.2587,-0.7708,0.031318,0.48013,-0.29042,0.072983,-0.066612,-0.11543
0.97476,0.087041,-0.11143,0.02184,0.094294,0.07699,-0.015217,0.11964
-0.77758,0.082639,-0.60739,0.047478,0.061812,0.093822,0.064501,0.023964
-0.12635,0.88381,-0.12879,0.33172,0.15779,0.13974,-0.17386,-0.040516
-0.14311,0.9126,-0.04134,0.34171,0.0011529,-0.024171,-0.14298,0.084678
-0.097988,0.91164,-0.1972,-0.11797,0.17386,0.046574,-0.2132,0.16929
0.22255,0.84313,-0.022713,-0.37284,-0.29458,-0.099192,-0.05374,0.02415
-0.66164,-0.57142,-0.093157,-0.22709,0.29221,0.18802,0.2335,0.014397
0.78664,0.33125,0.3182,0.0112,0.36752,-0.083887,-0.036685,0.16318
0.0096809,-0.75534,-0.067784,0.64305,0.0051334,0.05921,0.081754,0.032263
-0.75754,0.27791,0.51174,0.11024,-0.17655,0.18158,0.091967,-0.047697
0.92689,0.32762,0.11042,-0.072655,0.086338,-0.03434,-0.079584,0.033256
-0.84973,0.0088845,0.51823,0.042012,0.0096453,0.064103,0.056818,0.01072
-0.13376,-0.7444,-0.093193,0.57326,0.21771,-0.15496,0.12039,-0.069006
-0.16786,0.92966,-0.046582,0.31305,0.0033637,0.023122,-0.082511,-0.0050908
-0.93225,0.14862,-0.28474,0.033346,0.13296,-0.0051698,0.061178,-0.072011
-0.92031,0.20499,-0.24724,-0.20499,0.06757,-0.055171,0.012947,-0.0091549
-0.81078,-0.17336,-0.51534,0.0072491,-0.14176,0.13779,0.026245,0.084685
0.7853,-0.58669,-0.027336,-0.16347,-0.00013201,0.072956,0.01541,0.07788
-0.13899,0.9199,-0.021869,0.34937,-0.091591,0.050631,0.026564,0.016556
0.94566,-0.10949,0.24061,-0.069522,-0.085018,0.095176,0.10144,-0.066649
0.97198,0.023533,0.050174,0.032803,0.18845,-0.031127,-0.10294,-0.063521
-0.84427,-0.1015,0.44281,0.016775,0.22117,0.05685,0.16636,0.026735
-0.90909,-0.028345,0.093408,-0.1525,-0.32375,-0.088765,0.16743,-0.0057619
-0.74871,0.38109,-0.39236,-0.060645,-0.063006,0.20515,-0.25593,0.15816
0.23189,0.9141,-0.13986,-0.20433,-0.17782,-0.048401,-0.053437,0.1119
-0.72395,0.024594,-0.67885,-0.0098508,0.095327,0.051445,0.034782,0.037503
-0.813,0.40023,-0.2883,-0.029316,-0.20132,0.12821,-0.11292,0.15858
-0.032628,0.86485,0.026744,-0.47418,0.025852,0.15561,0.021108,-0.0087115
-0.80923,-0.41097,0.068338,-0.041571,0.17297,0.14035,0.33877,-0.073994
0.8583,-0.34509,-0.29712,-0.17012,-0.069224,0.091391,0.11017,0.041738
0.61239,-0.65312,-0.15648,-0.11608,0.092194,-0.28914,0.23939,0.10511
0.56585,0.76524,-0.086705,-0.15285,-0.2104,-0.088664,-0.10225,0.027533
-0.87526,-0.36775,0.14589,0.03732,0.18218,0.14374,0.13753,-0.05686
0.8917,-0.12887,0.41457,0.068141,-0.086979,-0.053934,-0.003162,0.035753
-0.72101,0.3897,-0.54139,-0.048955,0.070873,-0.096809,-0.12091,0.061357
0.8708,0.23955,-0.11919,-0.25405,-0.2209,-0.19536,-0.13645,-0.00091145
-0.91284,-0.13516,-0.11803,-0.0090414,0.31336,0.15945,0.10128,0.023892
0.76126,-0.20713,0.59241,-0.069022,0.028548,-0.09115,-0.060594,0.095258
0.35626,-0.81695,0.099197,-0.011202,-0.14667,-0.32106,0.24645,-0.10189
0.92816,0.067296,-0.30773,-0.063494,0.057415,0.044327,-0.049705,-0.16594
0.85894,-0.027173,0.31846,0.24341,-0.18013,-0.03794,0.19068,-0.17483
-0.79292,-0.18979,0.50724,-0.016576,0.1951,0.16065,0.058914,-0.10173
-0.74995,0.40119,-0.24511,-0.050319,0.17964,0.11887,-0.33661,0.233
-0.11621,-0.95161,-0.13411,0.093306,-0.037773,0.0047923,-0.10796,0.2028
-0.61589,0.7176,0.098932,0.25925,-0.045492,0.064268,-0.14715,0.029466
-0.82112,0.34714,-0.19022,-0.17016,-0.15504,0.25645,-0.21251,0.071784
0,0.8521,0.019477,0.48793,0,0,-0.18734,0.019477
0.93623,0.25702,0.095333,-0.065516,0.087058,0.07568,-0.16868,0.047604
-0.89741,0.16668,-0.33284,0.0085852,0.064853,-0.088574,-0.13494,0.16048
0.022332,0.99448,0.012098,-0.073317,0.021423,-0.049682,0.0030184,-0.045365
0.43184,0.81152,-0.012486,-0.23409,-0.077512,-0.30414,0.023158,0.030924
-0.23673,0.8831,-0.1189,0.33919,0.17695,0.038161,0.02926,0.035735
-0.073125,0.72224,-0.012263,0.68103,-0.046166,-0.081105,0.018631,0.0035122
-0.7717,0.48784,0.18551,0.042947,-0.21241,0.13397,-0.20247,-0.16179
0.98443,0.1221,-0.087913,-0.062267,0.0041489,0.028486,0.00034882,0.05959
-0.78899,0.13221,-0.47569,-0.084345,0.25742,0.022486,-0.22147,0.10397
-0.60862,0.6441,0.024743,-0.018611,-0.39495,0.15547,-0.13121,-0.12799
0.75286,0.38591,0.17059,0.0020494,0.33814,-0.25786,-0.18978,-0.19577
-0.93757,0.10827,0.29203,-0.031402,0.03728,0.12498,-0.071991,0.027885
0.12697,-0.88609,-0.15141,0.29223,-0.17641,0.072975,0.13312,0.19034
-0.91737,0.26952,0.042426,0.21852,0.015963,-0.12708,-0.14048,-0.010003
-0.68246,-0.49152,0.4527,-0.019023,0.28658,0.046902,0.052919,-0.015145
0.36733,0.83832,-0.26242,-0.19094,-0.21088,-0.0059212,0.023816,0.1091
-0.92658,-0.053003,-0.33717,-0.065261,0.056512,0.086568,0.099579,0.0091719
-0.08142,0.70061,0.10691,0.65792,0.010595,0.069033,-0.16631,-0.16029
-0.97937,0.083647,-0.11234,-0.048293,0.057717,-0.010212,-0.12238,0.021586
-0.22063,0.86189,0.00378,0.1585,0.014787,0.4159,-0.094405,-0.035029
0.96231,0.0057528,-0.18396,0.068879,0.15638,-0.022138,0.10192,0.0025623
-0.92231,-0.053096,0.31036,-0.034084,0.18661,0.062368,0.10116,-0.0099453
-0.65126,-0.71681,-0.11286,-0.076883,-0.17487,0.076604,-0.066962,0.049631
-0.91221,0.22882,-0.28307,-0.018364,0.1822,0.00099561,0.042686,0.0050636
0.059825,-0.88613,0.0083213,0.39441,-0.060413,-0.20975,0.013514,0.087996
0.65866,-0.64083,-0.13223,-0.20693,-0.21866,-0.18235,0.048876,0.10837
0.38711,-0.8597,-0.00079632,-0.048474,-0.04818,-0.28077,0.148,-0.075239
-0.25312,0.78893,0.02214,0.45237,0.047302,0.29097,-0.14165,0.037651
0.78045,-0.49974,-0.21204,-0.1055,0.2804,0.040103,0.06786,-0.015407
0.85014,-0.40525,-0.029103,-0.16727,0.099,-0.22525,0.12349,0.091779
-0.80191,0.50864,0.0090655,0.2221,0.050824,-0.047807,-0.20146,0.05796
0.97539,0.15456,-0.087179,0.02056,-0.052828,-0.0057483,0.098857,-0.064093
0.24306,0.91852,0.021997,-0.28543,-0.12043,-0.0099044,-0.010988,-0.023731
0.83162,-0.45972,-0.066371,-0.12199,-0.20336,-0.014146,0.18996,-0.011608
-0.77747,0.58393,-0.18859,-0.04064,0.089876,0.050142,-0.035613,0.074016
0.94465,0.18738,0.027413,-0.046507,-0.15954,0.18893,0.059759,-0.069926
0.90052,0.11033,0.36182,-0.10473,-0.023151,-0.17849,0.029586,0.041698
0.14174,0.70544,-0.032705,0.62516,0.27267,0.020459,0.12464,0.0078537
-0.81347,0.51231,-0.0078774,0.056124,0.21064,0.070821,0.15147,0.016201
0.89681,-0.019882,-0.42531,-0.059596,0.057263,-0.0094099,0.084464,0.020011
-0.73922,0.64684,0.0082413,-0.11064,0.067535,0.098181,-0.06071,0.070454
0.081595,0.94339,0.0074175,0.20706,-0.066146,0.11539,0.10972,0.17521
0.089313,0.95051,-0.057649,0.10308,0.17899,0.075163,-0.19092,-0.021484
0.1205,0.97306,0.053354,-0.074997,0.015928,-0.15273,-0.074125,-0.03309
0.061542,-0.87419,-0.079126,-0.4302,-0.17996,0.087034,0.0021517,0.026617
0.62197,0.61757,0.068186,-0.021562,-0.14501,-0.32624,-0.31378,-0.026907
-0.72398,-0.59644,0.10504,-0.060816,-0.17699,0.1207,0.23697,0.057705
0.43474,0.84937,0.1585,-0.19798,-0.016298,-0.051631,-0.031753,-0.14599
0.92916,0.2253,0.15404,-0.033295,0.10366,-0.027154,-0.17384,-0.13915
0.95355,-0.10498,-0.19412,-0.15683,0.00025853,-0.010084,0.054059,0.12009
0.88229,0.26778,-0.072198,-0.023751,-0.23891,-0.23471,-0.17218,-0.047589
-0.83162,-0.15356,-0.42084,0.12933,-0.22016,-0.070633,-0.19371,-0.002763
-0.20963,0.75681,-0.14639,0.57091,-0.029782,0.10713,0.065112,0.13899
-0.36677,-0.85925,-0.01851,0.22591,0.16638,0.19294,0.055855,-0.08814
0.73141,-0.66641,-0.024589,0.040251,-0.016088,0.11999,0.063636,-0.0030368
-0.84949,0.45282,-0.15823,-0.13376,-0.093197,-0.1002,0.094877,0.051693
0.81812,-0.070169,-0.50816,0.0078928,0.075196,-0.051596,-0.22356,0.095802
0.0096038,0.85387,0.015234,0.36282,0.045462,0.3383,-0.14692,0.029044
-0.50456,0.7699,-0.059838,-0.049138,-0.15448,0.20962,-0.26419,-0.095271
0.93675,-0.12945,-0.2329,-0.053202,-0.19962,-0.093492,-0.0039846,-0.0078936
-0.042402,0.94196,-0.056405,-0.23069,-0.049077,0.20601,0.072895,-0.06596
0.85365,-0.16816,0.35362,0.079434,0.19379,-0.11743,-0.09183,-0.22774
-0.15927,-0.92002,0.13642,-0.27211,-0.1875,-0.0088074,-0.0065241,-0.01662
-0.90422,0.31143,-0.0088557,-0.0698,0.096105,0.10254,-0.24501,0.025989
-0.042211,0.87296,0.028474,0.34214,-0.23858,0.2361,-0.065661,-0.036289
0.096821,0.9716,-0.1182,-0.0051498,-0.096966,-0.12705,0.048933,0.068458
-0.21476,0.9128,-0.015121,0.063415,0.2811,-0.14622,0.0045326,-0.12649
-0.072666,0.9033,-0.0046034,0.3556,0.10307,0.20303,-0.020205,-0.0074172
0.02258,0.97272,-0.16069,-0.035641,-0.12957,-0.076499,-0.024102,0.054763
0.42748,0.81977,-0.068728,0.051763,-0.20405,-0.18436,-0.0096582,0.24923
-0.81853,-0.050193,-0.54327,-0.062269,0.1135,0.013621,0.10111,-0.072043
-0.53648,-0.80848,0.01025,-0.13458,-0.15225,0.09379,0.016554,0.089842
0.86901,-0.064696,0.43662,0.015792,0.20661,-0.015972,0.058883,0.057761
0.18915,0.81666,0.16387,-0.45059,-0.21967,0.030996,-0.1341,0.014376
-0.90056,-0.18083,0.15617,0.2558,0.017488,-0.014279,0.11367,-0.23031
0.8981,0.006657,0.33266,0.14559,0.12994,-0.055404,0.0094145,-0.20362
-0.2404,-0.84647,0.074538,-0.40335,-0.14267,0.051671,0.15247,0.10575
0.00080766,0.98177,0.0082021,0.091379,0.029148,-0.15665,-0.013648,-0.04612
0.84144,-0.20422,0.35056,0.14885,-0.28161,-0.044754,-0.11217,-0.10646
0.06799,-0.87673,0.29822,-0.33825,0.023963,-0.13361,-0.023991,0.066155
-0.85404,0.31556,-0.18139,-0.05791,0.2557,0.11424,-0.1728,0.16277
0.67282,-0.55229,0.28139,0.13788,-0.33485,-0.082382,-0.12059,-0.10317
0.88665,0.3431,-0.2564,0.12455,-0.099907,0.013419,-0.0027683,-0.068686
0.2967,-0.89588,0.082229,-0.19204,0.2192,-0.04709,0.089594,0.08619
-0.023287,-0.61287,-0.0067936,-0.78105,-0.096696,0.051856,0.0074456,0.040854
-0.80466,0.52571,-0.012406,-0.076495,0.17179,0.17006,0.10232,-0.035179
0.31585,0.87359,0.054166,-0.022513,-0.049849,-0.3531,-0.048668,-0.064051
0.38917,0.81654,-0.065098,-0.23166,-0.14937,-0.29227,-0.079449,0.099241
0.62517,-0.56444,0.020486,0.092652,-0.51849,0.026951,-0.043125,-0.10079
0.90623,0.12608,0.25892,0.086312,0.17713,-0.17671,-0.16028,0.0079062
-0.3373,0.85148,-0.067309,-0.039047,0.20608,0.12741,-0.29022,0.11055
-0.91258,-0.15263,0.28106,0.16422,0.16354,0.044598,0.031109,-0.090738
0.88622,-0.13156,0.40273,0.048783,-0.088879,-0.054156,-0.072755,0.1289
0.027621,-0.91022,0.24475,0.24579,0.11026,0.14125,0.098744,-0.092535
-0.37963,-0.76634,-0.14303,0.388,0.047489,0.25518,0.11557,-0.12987
0.18601,-0.89052,-0.04019,-0.36213,0.11025,-0.024949,0.13261,0.096218
-0.12842,0.97388,0.015675,-0.10495,0.082246,-0.058606,0.092291,-0.071303
0.020251,-0.82474,0.051739,0.49296,0.11744,0.028639,0.16143,-0.18176
-0.4237,0.74387,0.1797,0.22216,-0.28303,0.21459,-0.12957,-0.20625
-0.61087,-0.63646,-0.0011408,0.16908,0.076077,0.3791,0.17004,-0.12144
-0.066882,-0.73438,-0.044183,0.66766,0.057842,-0.068872,-0.0061512,0.019137
0.76985,-0.46833,0.21268,0.074868,-0.30477,-0.018446,0.082616,-0.19263
-0.9876,-0.03265,-0.072371,0.0015435,-0.11793,-0.047933,-0.046174,0.0015435
0.17945,0.91447,0.077728,0.32394,0.049942,0.067033,-0.10308,-0.054324
0.95398,-0.0094813,0.062241,-0.096988,0.17124,-0.15113,0.069124,0.14006
-0.39808,0.911,0.0076177,0.036295,0.055085,-0.041223,-0.042868,0.060531
-0.75354,0.38077,-0.45366,-0.11918,0.23253,0.043508,-0.09765,0.040898
0.37897,-0.84092,0.18038,0.026011,-0.13606,-0.074521,0.16975,-0.25128
0.99695,-0.048445,-0.0021308,0.040304,0.0262,0.035231,0.0062351,-0.012549
0.34823,0.87063,-0.051565,0.045593,0.17006,-0.233,-0.021571,-0.17978
-0.099053,-0.89369,-0.10546,0.38699,0.0058641,0.15317,-0.083162,0.014757
-0.74634,-0.58139,0.12857,-0.078014,0.13877,0.15938,0.19337,-0.017251
-0.52149,-0.83943,0.066344,0.00044285,-0.13264,-0.032178,0.017687,-0.0078815
-0.77495,0.41332,-0.20767,-0.022665,0.38905,0.039937,-0.0021549,0.17893
0.68854,0.24362,0.62835,-0.10651,0.20211,-0.056258,0.079896,-0.099977
0.4131,0.86356,0.061912,-0.10968,0.018278,-0.20578,-0.13262,0.086447
0.5858,0.73153,0.13075,0.091205,0.23322,-0.17584,-0.069516,-0.078401
0.47318,-0.84551,-0.065518,-0.2069,0.11292,-0.035864,-0.0079819,-0.0031671
-0.9224,-0.36215,-0.028274,0.082752,0.095276,0.026544,0.022766,-0.0085378
-0.40685,-0.66733,0.0099352,0.38398,0.45489,-0.10538,0.055231,-0.14324
0.095583,0.96818,-0.12054,0.083476,0.074959,0.061207,-0.14615,0.035665
-0.81434,-2.7756e-17,0.56886,0.030744,0,0.021084,2.7756e-17,0.10885
-0.7099,0.06084,0.66327,0.034305,-0.16377,0.035012,-0.15228,0.0011029
-0.973,-0.12678,-0.061206,0.051021,0.086248,-0.10195,-0.088275,0.072223
0.11802,-0.93501,-0.083273,0.25941,-0.070875,-0.16021,0.082632,-0.0087436
-0.68611,0.37908,0.30785,0.059776,-0.50428,0.045446,0.16303,0.065365
0.94264,0.053376,0.21468,-0.1476,5.5511e-17,-0.13326,-0.15097,0.012525
-0.90421,0.14558,-0.34747,-0.083775,-0.15654,0.02863,-0.070711,-0.055887
-0.26691,-0.92119,0.16566,0.006104,0.0069407,0.20319,0.10496,0.018076
-0.68735,0.48515,-0.16859,-0.19711,0.22447,0.088055,-0.33366,0.23545
0.94646,0.060168,0.19864,0.036597,-0.025655,0.0017523,-0.23302,-0.069477
0.74677,0.61431,-0.10006,-0.11926,-0.16011,-0.064971,-0.10343,-0.013456
-0.00411,-0.81397,-0.078942,-0.48031,0.30122,0.044507,0.07682,-0.043361
0.58542,-0.65741,-0.060174,0.30103,-0.34758,0.075534,0.035931,-0.055147
0.82864,-0.1088,0.44175,-0.012878,-0.2338,0.079226,0.11629,0.17815
0.31463,0.80651,-0.13905,-0.2251,-0.051356,-0.41265,-0.025428,0.083508
-0.77019,-0.00074216,-0.54328,0.094946,-0.07179,0.25797,-0.17375,-0.027172
0.073474,-0.97727,0.14435,0.092213,-0.073933,0.058238,0.036613,-0.000327
0.94631,-0.17776,-0.13801,-0.10265,-0.055702,0.080071,0.13867,-0.12074
-0.95015,0.11459,-0.10868,-0.068627,-0.22966,0.040532,-0.11441,-0.0090656
-0.80073,0.50147,0.026775,-0.058146,-0.018788,0.17573,-0.26626,0.033761
-0.4061,0.86978,0.099959,-0.10803,-0.14408,-0.064799,-0.06557,-0.16627
0.52823,-0.66352,-0.036249,0.42738,-0.30978,0.017975,-0.0098919,-0.019156
0.77127,-0.32643,-0.36201,-0.0008175,0.40841,0.026444,0.0044206,0.0032046
0.83002,0.030963,0.51123,0.13612,-0.09899,0.11049,0.043789,0.079303
-0.8365,-0.19345,0.38442,-0.11052,-0.16112,0.24476,-0.10215,0.080953
-0.69774,0.33913,0.27602,0.087242,-0.53543,0.096362,0.0078899,-0.13535
-0.88594,0.031206,0.24598,0.1624,-0.34137,-0.035708,-0.061935,-0.074888
-0.28311,0.7118,0.13726,0.56366,-0.24508,-0.1083,-0.0061586,-0.069273
0.85235,-0.38842,0.19719,-0.013756,0.06146,0.090363,0.26742,0.0098279
-0.93627,0.21132,-0.13312,0.00011247,0.037787,0.10902,-0.17137,0.13542
0.22564,0.8861,0.064268,-0.35122,0.18007,-0.047845,-0.031981,0.026255
-0.14554,0.83179,0.055494,-0.41485,0.1442,-0.1132,0.016799,0.27907
0.011158,-0.82451,-0.14714,0.48067,0.010746,-0.24928,-0.013109,-0.070263
-0.024176,-0.93568,-0.081699,0.15835,0.018544,-0.25048,0.17049,-0.0049211
-0.11823,0.86832,0.12573,-0.34925,0.056393,0.012233,-0.038934,-0.29901
-0.75807,-0.28557,0.41187,0.066557,0.22369,0.062775,0.31416,-0.13055
-0.79884,-0.41501,-0.35412,0.06263,-0.16553,-0.047926,-0.094477,-0.1472
0.18647,-0.93225,-0.082228,0.11652,0.2111,0.12684,-0.10619,-0.062299
0.13351,0.90909,0.013578,-0.35059,-0.15446,-0.07791,0.016911,0.049224
-0.20428,0.72211,0.076044,0.62798,-0.10607,-0.14116,-0.07076,0.02247
-0.76568,-0.3025,0.53719,0.058587,-0.091032,0.10767,0.085843,0.054542
-0.9554,0.055275,0.23948,0.088541,-0.05529,0.12303,-0.020909,0.018481
0.090355,0.97222,-0.014018,-0.15689,-0.013512,-0.12463,-0.076138,-0.017486
0.039426,0.70208,-0.034821,-0.70208,-0.068288,0.055757,0.049244,-0.034821
0.35273,0.90344,-0.059493,0.054647,-0.17605,-0.1183,0.072917,-0.050356
0.08237,0.96094,0.024438,0.17927,-0.019734,0.044097,-0.10442,0.15441
-0.80893,-0.47202,-0.16514,-0.029255,-0.13148,0.24364,0.12302,-0.053972
-0.62117,-0.6039,-0.042462,0.17747,0.14074,0.28356,0.33734,-0.046338
-0.033099,0.94554,-0.08059,0.30206,-0.0041928,-0.04681,0.070112,0.0023607
0.87209,0.091169,-0.4386,-0.15371,-0.081491,-0.057973,-0.023408,0.067819
0.82498,-0.34555,0.26343,0.080391,-0.32936,-0.019534,-0.12354,0.0057568
0.94289,-0.22807,0.015601,-0.0033014,-0.026653,-0.034862,0.23799,0.010897
-0.27857,0.80982,0.01833,-0.45735,0.17002,0.096513,-0.073011,0.11634
0.92645,0.13651,-0.032926,0.13028,0.21441,-0.21493,-0.089797,0.069038
-0.93075,-0.23924,0.01898,0.14539,0.11959,0.10406,0.1459,-0.092434
0.023475,0.97845,-0.049019,-0.031266,0.039533,-0.096248,0.090144,-0.14055
0.7054,0.47401,0.29548,-0.0099833,0.42387,-0.082607,0.022138,-0.0578
0.78641,0.057696,0.54108,0.025661,0.16326,0.036956,0.23673,0.027074
0.22808,0.78538,-0.042257,-0.35139,-0.37035,-0.22545,-0.13229,0.020419
-0.83935,-0.40609,-0.32841,0.064445,-0.051533,-0.094705,0.074543,0.037373
0.19644,0.89605,-0.0191,0.36578,0.11058,0.0068432,0.029269,-0.10589
-0.80087,-0.40793,0.071107,-0.04589,0.33392,0.21131,0.057779,-0.15983
-0.83427,0.39688,-0.17218,-0.11525,0.019949,0.074735,-0.039833,0.3098
0.76677,0.21859,-0.47315,0.038778,-0.32327,-0.1305,0.012541,0.13123
-0.14676,0.77024,0.012971,-0.57596,-0.011493,0.16429,-0.11544,-0.11337
-0.98238,0.079473,0.099308,-0.055525,-0.065748,-0.074518,-0.063735,-0.041541
0.27283,0.94615,0.010755,-0.12758,-0.058795,-0.078948,-0.0074358,0.064999
-0.912,-0.18537,-0.096481,0.32894,-0.0089004,0.1185,-0.0056864,-0.047163
-0.33995,-0.92469,0.0042804,-0.061514,0.004527,0.14102,0.019859,-0.072594
0.053833,0.85112,-0.067169,-0.3431,-0.24907,-0.28443,0.078605,-0.036854
-0.84564,-0.36478,-0.11949,-0.19852,0.242,0.12736,0.11107,-0.10499
-0.17506,0.90527,-0.1476,0.23755,-0.16053,-0.038526,-0.20623,-0.042955
0.98286,-0.072961,-0.13467,-0.040996,0.03505,-0.043332,-0.023654,0.071975
0.46236,0.75598,-0.17934,-0.24552,0.070036,-0.29622,-0.12302,0.1204
0.24526,-0.84017,-0.077487,-0.27925,0.086625,-0.27171,0.21163,0.15446
-0.22749,-0.87542,0.11081,0.26472,-0.0096059,0.059888,0.30762,0.034922
-0.1664,0.95572,0.0032614,-0.14073,0.056219,0.0085639,-0.18857,0.017585
-0.39207,-0.8567,0.26749,0.063641,0.10828,0.14342,-0.042881,0.051175
-0.035843,0.70066,-0.051107,-0.70066,0.062083,-0.05069,0.072276,-0.051107
-0.54784,-0.79522,-0.0056474,0.06408,-0.092521,0.06157,0.062365,-0.21707
0.149,-0.95211,0.0035929,0.17643,-0.14281,-0.071627,0.057184,0.10657
0.2175,-0.78616,0.026785,0.41719,-0.25727,0.22741,0.12285,-0.16397
0.89754,0.35983,0.19178,-0.098356,0.094935,-0.046271,-0.039734,0.075806
0.42831,0.82275,-0.29461,0.010441,-0.056229,-0.052199,-0.2137,-0.034247
-0.094468,0.95867,0.091804,0.16927,0.092185,-0.10315,-0.12345,-0.023937
-0.89715,-0.03937,-0.37599,0.074006,-0.098029,0.13261,0.032067,0.13605
-0.094495,0.93617,-0.024922,-0.29654,0.11823,0.062538,0.041084,0.080762
0.087963,-0.91691,-0.12887,0.32583,0.1098,-0.082155,-0.045552,0.088774
-0.47886,0.71276,-0.060265,0.15704,-0.42964,0.086806,-0.17746,-0.10375
-0.0030457,0.74468,0.076115,0.55201,0.34769,-0.0043073,-0.11311,0.035068
-0.86618,-0.1054,0.39495,0.12083,0.0023248,-0.17671,-0.14905,0.12083
-0.0069287,-0.83496,-0.038568,-0.5372,-0.08938,0.059935,-0.0076077,-0.033015
0.27509,-0.90462,-0.10768,0.089733,-0.2588,0.074673,-0.025446,0.11461
-0.91946,0.057519,-0.24653,-0.085089,-0.081045,-0.098469,-0.21754,-0.1403
-0.21515,0.88327,-0.040541,-0.41247,-0.039828,0.0032969,-0.01312,-0.00039361
0.42672,0.64227,0.035414,0.3593,0.5075,0.12003,0.05067,-0.022628
0.96678,0.16699,0.14226,0.059946,-0.078646,-0.046066,-0.039035,0.061486
0.35772,0.86519,0.056276,0.01636,0.20446,-0.15868,-0.20907,-0.096763
-0.9279,0.007422,-0.055925,-0.27471,0.069632,-0.10209,-0.19156,0.091627
0.81511,0.24563,-0.39165,-0.12808,-0.029867,-0.035931,-0.30301,0.10713
0.95703,0.011746,0.054678,-0.03413,0.1177,-0.19179,0.016611,-0.16997
-0.40285,-0.86285,0.11189,-0.2439,0.098473,-0.10591,0.016318,0.0019335
0.004567,0.83421,0.075423,0.50851,-0.067212,-0.17755,-0.027722,-0.054692
-0.94681,0.19646,-0.20354,-0.093578,-0.0028313,-0.090404,-0.070281,0.040604
-0.22823,0.87037,0.039702,-0.13792,0.15877,0.33661,-0.15593,0.083267
0.75679,0.60381,-0.023569,0.035283,-0.24018,-0.017154,-0.014905,-0.051817
0.90439,-0.24174,0.25616,-0.024844,0.045792,-0.016935,0.22336,-0.071677
-0.089554,0.98981,-0.011624,0.07876,0.062286,0.0030109,0.038259,-0.023974
0.88146,0.38689,0.0052269,-0.098495,0.19422,0.12409,-0.071479,0.073387
0.42217,-0.83298,0.07771,-0.26306,0.15779,-0.13779,0.038743,-0.08541
0.89792,-0.16204,0.32668,-0.0019512,-0.14133,0.11101,-0.16258,0.045128
-0.58649,0.71031,-0.30423,-0.05802,-0.095454,0.19427,-0.080483,0.047222
0.83357,-0.39688,0.079688,0.05061,-0.11141,-0.25624,0.041829,-0.24274
-0.52908,-0.69409,-0.047733,0.058513,0.38209,0.14727,0.15498,-0.20227
0.0096019,-0.94572,-0.081403,0.044236,-0.29875,0.064099,0.058708,0.011258
-0.8586,-0.017631,-0.31726,-0.039374,-0.34189,0.045764,0.20062,-0.032581
0.77491,-0.37134,-0.18096,-0.27124,0.38392,-0.030846,-0.033785,0.076211
-0.26508,-0.86235,-0.14661,0.34912,0.0047483,0.040916,0.13558,-0.15045
0.0049777,0.84982,0.097831,0.46084,0.20309,0.0070395,-0.11104,0.047024
0.34318,0.79607,0.070387,0.35031,0.16753,-0.12501,-0.13452,-0.24299
0.44489,0.66541,0.044836,0.29872,0.51458,0.0021082,-0.045082,-0.034936
0.33852,0.9027,0.12172,0.17516,0.03861,-0.052336,0.12973,0.06311
-0.92199,-0.061207,-0.066154,-0.080293,-0.050112,0.095756,0.29587,0.19012
0.93282,0.0591,-0.28602,0.09751,-0.1288,-0.10517,-0.011765,-0.085139
-0.29916,0.78744,0.089603,-0.35199,0.21624,0.27192,-0.15482,0.1177
-0.7997,-0.44805,0.04262,-0.097805,0.32077,0.18172,0.032418,-0.10664
0.96123,0.097694,0.16612,-0.097694,-0.020852,0.017026,0.13816,-0.097694
-0.099049,-0.89251,0.1751,0.32821,0.18049,0.13847,0.034558,-0.047855
0.85547,-0.13498,0.40952,-0.11044,-0.20769,0.080844,-0.12696,-0.065228
0.88485,-0.32889,0.16331,-0.12494,-0.12063,-0.043593,-0.22218,-0.027823
-0.050828,-0.96439,-0.073588,-0.19416,-0.14926,-0.031982,0.030824,0.0014285
0.84157,0.053709,-0.52264,0.049585,-0.074258,-0.014833,-0.04037,0.076854
-0.0045345,-0.91175,-0.045568,-0.067073,0.012955,0.38107,0.10184,-0.079784
-0.92972,0.06792,-0.18933,0.16538,0.15585,0.20767,0.012739,-0.015306
0.25954,-0.774,-0.072198,-0.50332,-0.164,0.11975,0.055927,0.17511
-0.80352,0.45507,0.013312,-0.13287,-0.10655,0.22221,-0.2459,0.090798
0.013518,0.91107,-0.28513,-0.041679,0.0010383,0.24419,-0.041766,0.15925
0.91017,-0.043984,0.29596,-0.070293,0.032914,-0.19323,-0.11475,0.15978
-0.63161,0.025074,-0.75131,-0.031757,0.17434,0.044394,-0.044515,0.024795
-0.96167,0.11431,0.095634,0.014982,-0.085616,0.17481,-0.11361,0.044277
0.14422,0.90277,-0.17926,0.11228,-0.20134,-0.24654,-0.1264,-0.046562
0.81988,0.442,0.16389,0.07594,-0.18632,-0.19582,-0.14229,-0.080544
-0.90356,-0.018866,-0.24122,-0.15783,0.15294,0.12487,-0.21118,0.12861
0.074849,-0.8858,-0.10731,0.18809,0.042578,-0.316,0.18078,-0.16887
0.14215,-0.62235,-0.032907,0.72715,-0.2457,0.030073,0.02379,-0.028529
-0.36959,0.85565,-0.0029481,0.35026,0.036378,0.016,-0.0078771,-0.083262
-0.81613,0.35793,0.30852,0.051857,-0.28169,-0.14262,-0.085336,0.031224
-0.80869,2.4434e-05,-0.57879,-0.020086,0.0356,-0.00069546,-0.087271,0.041648
-0.41523,-0.80531,0.16205,0.18712,0.12936,0.29385,0.078637,-0.092291
0.79508,-0.4797,-0.036981,0.02261,-0.29002,-0.018424,0.20965,0.086359
-0.80244,-0.24806,0.43242,0.015673,0.31514,0.037776,0.081048,-0.0044387
0.73077,0.41834,0.34566,0.093596,0.29712,-0.094419,-0.07255,-0.24551
0.90087,0.11207,-0.30988,0.078563,-0.18242,-0.19633,0.04298,-0.0031124
0.97604,-0.024821,-0.11799,0.021574,-0.093908,-0.12779,-0.070748,0.046779
0.86688,-0.10729,0.39936,0.037689,-0.026631,-0.020994,-0.27146,0.035522
0.67128,-0.43785,-0.39157,-0.16803,0.35865,-0.082652,0.16332,0.11822
0.092862,0.86397,-0.047064,-0.30616,-0.19082,-0.3145,-0.10968,-0.040384
-0.76805,-0.59293,-0.13613,-0.069541,-0.10415,0.11032,0.066223,0.08811
0,0.99084,-0.054853,0.05296,0,0,0.066777,0.08927
-0.40166,-0.76397,-0.11234,0.28669,0.26565,0.2412,0.17564,0.024742
-0.36225,-0.86603,0.16106,-0.026882,0.02494,0.23134,0.169,0.096961
-0.86517,-0.12197,0.43941,0.067993,0.16832,0.045479,0.091802,-0.0084284
-0.43109,0.86394,0.11906,0.10094,-0.030989,0.15037,-0.090435,0.10796
-0.016665,-0.71299,-0.012645,0.70054,-0.018082,0.0028455,-0.0090777,0.0060327
0.85589,0.034277,-0.51057,0.024028,-0.065187,0.0033988,-0.026369,0.0077337
-0.88316,-0.25696,-0.18859,0.019837,-0.076462,0.081371,0.32123,0.048882
-0.91389,-0.15572,-0.36538,-0.02492,-0.07291,0.023563,0.02346,-0.0024052
-0.75469,-0.25511,0.54805,-0.0074109,0.24918,0.046482,0.018925,-0.018524
-0.91081,-0.21373,-0.15909,-0.13076,0.15093,0.049194,0.23484,-0.044597
-0.71157,0.63894,-0.20293,-0.14339,-0.044662,0.10656,0.098871,0.023472
0.41658,-0.84055,-0.17586,-0.2464,-0.12158,-0.11349,-0.0030811,0.024941
0.93789,-0.20409,-0.023671,0.12518,0.080871,-0.071387,-0.20545,-0.092947
-0.9362,0.14497,0.14215,0.13865,-0.16033,-0.061743,-0.18057,-0.030892
-0.91142,-0.1606,-0.15527,-0.017707,-0.19479,0.12275,0.25697,-0.0076217
-0.87766,-0.33941,0.055692,0.13771,-0.26362,0.14426,-0.031072,0.03437
-0.86327,-0.21647,-0.27317,-0.20664,-0.11768,0.060339,-0.028653,0.26885
-0.81553,-0.20579,0.43717,0.13861,0.19719,0.094985,0.18452,0.016718
-0.87486,0,-0.25736,-0.18352,0,2.7756e-17,0,0.36703
0.68096,-0.049316,0.70922,-0.034615,-0.037202,0.14907,-0.069743,-0.034615
-0.00166,-0.98644,0.027338,0.14694,-0.022238,0.059167,-0.018157,-0.016159
-0.50384,0.71283,0.21383,0.18343,-0.31623,0.16798,-0.17115,0.033725
-0.77603,-0.062146,0.54102,-0.16178,0.079638,-0.022061,0.14165,-0.21941
0.21106,0.89219,-0.13553,-0.20859,-0.29637,0.078929,-0.012641,0.057873
0.10903,-0.88049,0.092626,-0.24113,0.19991,-0.27471,0.06618,-0.16223
0.35314,-0.82861,0.01446,0.40785,-0.002461,-0.1052,-0.073812,-0.074992
0.53091,-0.70564,-0.15396,-0.16846,0.38314,-0.074116,-0.046441,0.11692
-0.46383,0.65238,0.15922,0.13578,-0.5111,-0.027677,-0.049004,-0.22603
0.017905,0.99142,0.0053855,-0.12821,-0.0077082,0.01535,0.0012947,-0.0016659
-0.077601,0.95381,-0.073097,0.20049,0.17076,0.082498,-0.045636,-0.025183
-0.67532,-0.70429,-0.077598,-0.077598,0.011981,0.14897,0.108,-0.043323
0.72915,-0.61225,0.063986,-0.029673,-0.15277,-0.15809,0.19096,0.061058
0.2362,-0.96102,-0.067508,0.089403,0.016884,-0.079727,-0.019084,0.033108
-0.38263,0.90726,-0.019772,0.057238,0.14966,-0.01541,0.041927,-0.049176
-0.003705,0.96424,-0.021485,-0.23808,0.013649,-0.10839,-0.027356,-0.020318
-0.83115,-0.12458,-0.50797,-0.050456,-0.17355,0.0035907,0.049901,0.021813
-0.062043,0.95785,-0.23657,0.040147,0.011318,0.082508,-0.056804,0.10456
-0.88766,0.17922,-0.36543,-0.037835,-0.20101,-0.0068744,-0.014541,-0.065618
-0.094422,-0.80978,0.20913,-0.47916,-0.09309,-0.13353,-0.1718,-0.077474
0.98065,-0.028067,-0.11899,-0.06264,0.11234,-0.025071,-0.039693,0.068093
0.40744,-0.78422,0.082474,0.31678,-0.28271,-0.049838,0.11775,-0.12478
0.74851,-0.042664,-0.63782,-0.013516,-0.016209,0.0092537,-0.16422,0.059942
-0.060442,-0.95826,-0.0002911,-0.20332,-0.0009407,0.11751,0.09131,0.12082
0.79244,0.58559,0.012127,-0.10102,-0.040588,0.072854,-0.059675,-0.09085
0.24817,-0.86039,0.010101,-0.30226,0.21959,-0.1009,0.19264,-0.10568
0.18002,-0.92281,0.0033189,-0.084205,0.11614,-0.29737,0.064499,0.053335
-0.89053,-0.3463,0.0094957,-0.0088835,0.28502,0.011154,-0.022916,0.070528
0.7626,-0.55628,0.043539,-0.017853,0.024308,-0.095745,0.30071,-0.081165
-0.83644,-0.23765,0.34122,0.052416,0.3183,-0.13092,0.044731,0.06524
-0.10418,-0.91426,-0.0039385,0.37295,0.080751,-0.048718,0.066221,-0.029657
-0.11237,-0.9081,-0.044879,-0.070624,0.030824,0.39334,-0.0068647,-0.0024576
0.85398,-0.087917,0.40693,0.0883,-0.21537,-0.2079,0.00051782,1.62e-05
0.43401,-0.81856,-0.023911,0.051088,-0.34788,0.053103,0.087791,-0.082814
0.89619,-0.40794,-0.015578,0.027324,-0.031789,-0.092333,0.12977,-0.055292
-0.1494,-0.72048,-0.01989,-0.62414,-0.25987,-0.023448,0.023458,0.0015932
-0.64877,0.67539,-0.027075,-0.075465,0.079926,0.26749,0.026685,0.19461
0,0.84718,-0.070465,0.51227,0,0,-0.099652,-0.070465
0.79574,0.4003,-0.015192,-0.16164,0.15793,-0.039745,-0.39187,-0.010994
-0.13749,-0.95103,-0.13749,-0.13708,0.15208,0.016349,0.12418,0.011561
0.7791,-0.35347,-0.34835,-0.06056,0.15275,-0.17075,0.29424,0.063116
0.82413,0.43734,-0.078628,-0.14293,0.20387,-0.078402,-0.23464,-0.012785
0.38445,0.83876,0.033259,-0.046369,-0.19001,-0.24838,-0.0096085,0.21803
0.90986,-0.15019,0.22646,-0.04598,0.14064,-0.26379,0.080307,0.019557
0.86212,0.37443,0.11256,-0.086738,0.18064,-0.2087,-0.11168,0.087762
