0 3 
0 12 
0 14 
0 32 
0 33 
0 62 
0 65 
0 73 
0 74 
0 76 
0 78 
0 80 
0 81 
0 85 
0 86 
0 88 
0 89 
0 91 
0 92 
0 94 
0 95 
0 98 
0 98 
0 100 
0 102 
0 103 
0 103 
0 105 
0 106 
0 107 
0 107 
0 107 
0 107 
0 107 
0 108 
0 108 
0 109 
0 110 
0 110 
0 112 
0 112 
0 112 
0 113 
0 113 
0 114 
0 115 
0 115 
0 115 
0 116 
0 117 
0 118 
0 119 
0 119 
0 119 
0 120 
0 120 
0 120 
0 121 
0 121 
0 121 
0 123 
0 123 
0 126 
0 127 
0 127 
0 127 
0 127 
0 127 
0 128 
0 129 
0 129 
0 130 
0 130 
0 131 
0 131 
0 131 
0 133 
0 133 
0 137 
0 204 
0 0 
